# Game Level Exporter v1.3
MESH
controlsMenuOverlay
<Matrix 4x4 (-0.4300,  0.0000,  0.0000, 0.0000)
            ( 0.0000,  0.3600, -0.0000, 0.0000)
            ( 0.0000,  0.0000,  0.3860, 0.0000)
            (-0.0035, -0.0654, -0.1265, 1.0000)>
MESH
controlsMenuTextButton
<Matrix 4x4 (-0.1909,  0.0000,  0.0000, 0.0000)
            (-0.0000, -0.0422, -0.0000, 0.0000)
            ( 0.0000, -0.0000,  0.1909, 0.0000)
            (-0.0040,  0.3433, -0.1265, 1.0000)>
MESH
controlsMenuTextButtonText
<Matrix 4x4 (-0.1160, 0.0000,  0.0000, 0.0000)
            ( 0.0000, 0.1160, -0.0000, 0.0000)
            ( 0.0000, 0.0000,  0.1160, 0.0000)
            (-0.2111, 0.3107, -0.1155, 1.0000)>
MESH
controlsTextButtonText
<Matrix 4x4 (-0.0870, 0.0000,  0.0000, 0.0000)
            ( 0.0000, 0.0870, -0.0000, 0.0000)
            ( 0.0000, 0.0000,  0.0870, 0.0000)
            (-0.4584, 0.0984, -0.1155, 1.0000)>
MESH
controlsTextButton
<Matrix 4x4 ( 0.1909,  0.0000,  0.0000, 0.0000)
            ( 0.0000, -0.0422,  0.0000, 0.0000)
            ( 0.0000, -0.0000, -0.1909, 0.0000)
            (-0.0040,  0.1200, -0.1265, 1.0000)>
MESH
exitControlsButton
<Matrix 4x4 ( 0.1909,  0.0000,  0.0000, 0.0000)
            ( 0.0000, -0.0422,  0.0000, 0.0000)
            ( 0.0000, -0.0000, -0.1909, 0.0000)
            (-0.0040, -0.5618, -0.1265, 1.0000)>
MESH
exitControlsButtonText
<Matrix 4x4 (-0.0870,  0.0000,  0.0000, 0.0000)
            ( 0.0000,  0.0870, -0.0000, 0.0000)
            ( 0.0000,  0.0000,  0.8700, 0.0000)
            (-0.0416, -0.5798, -0.1265, 1.0000)>
