# Game Level Exporter v1.3
MESH
Floor_Modular_Cube.026
<Matrix 4x4 (-2.0000, 0.0000,  0.0000, 0.0000)
            ( 0.0000, 2.0000, -0.0000, 0.0000)
            ( 0.0000, 0.0000,  2.0000, 0.0000)
            (-2.0000, 0.0000,  1.0000, 1.0000)>
LIGHT
Point
POINT
<Color (r=1.0000, g=0.6321, b=0.2896)>
20.0
13.019999504089355
<Matrix 4x4 ( -1.0000, 0.0000,  0.0000, 0.0000)
            (  0.0000, 0.0000, -1.0000, 0.0000)
            (  0.0000, 1.0000,  0.0000, 0.0000)
            (-10.0000, 5.0000,  9.0000, 1.0000)>
MESH
Bee
<Matrix 4x4 ( -0.5000, 0.0000,  0.0000, 0.0000)
            (  0.0000, 0.5000, -0.0000, 0.0000)
            (  0.0000, 0.0000,  0.5000, 0.0000)
            (-10.0000, 0.0000,  9.0000, 1.0000)>
MESH
Wall_Modular_Cube.068
<Matrix 4x4 (0.0000,  0.0000,  2.0000, 0.0000)
            (0.0000,  2.0000, -0.0000, 0.0000)
            (2.0000, -0.0000, -0.0000, 0.0000)
            (0.0000,  2.0000, 29.0000, 1.0000)>
MESH
Wall_Modular_Cube.152
<Matrix 4x4 (-2.0000,  0.0000,  0.0000, 0.0000)
            ( 0.0000,  2.0000,  0.0000, 0.0000)
            ( 0.0000, -0.0000,  2.0000, 0.0000)
            (-6.0000,  2.0000, 27.0000, 1.0000)>
LIGHT
Point.001
POINT
<Color (r=1.0000, g=0.6321, b=0.2896)>
20.0
13.019999504089355
<Matrix 4x4 ( -1.0000, 0.0000,  0.0000, 0.0000)
            (  0.0000, 0.0000, -1.0000, 0.0000)
            (  0.0000, 1.0000,  0.0000, 0.0000)
            (-38.0000, 5.0000,  9.0000, 1.0000)>
LIGHT
Point.002
POINT
<Color (r=1.0000, g=0.6321, b=0.2896)>
20.0
13.019999504089355
<Matrix 4x4 ( -1.0000, 0.0000,  0.0000, 0.0000)
            (  0.0000, 0.0000, -1.0000, 0.0000)
            (  0.0000, 1.0000,  0.0000, 0.0000)
            (-10.0000, 5.0000, 37.0000, 1.0000)>
LIGHT
Point.003
POINT
<Color (r=1.0000, g=0.6321, b=0.2896)>
20.0
13.019999504089355
<Matrix 4x4 ( -1.0000, 0.0000,  0.0000, 0.0000)
            (  0.0000, 0.0000, -1.0000, 0.0000)
            (  0.0000, 1.0000,  0.0000, 0.0000)
            (-38.0000, 5.0000, 37.0000, 1.0000)>
LIGHT
Point.004
POINT
<Color (r=1.0000, g=0.6321, b=0.2896)>
20.0
13.019999504089355
<Matrix 4x4 ( -1.0000, 0.0000,  0.0000, 0.0000)
            (  0.0000, 0.0000, -1.0000, 0.0000)
            (  0.0000, 1.0000,  0.0000, 0.0000)
            (-38.0000, 5.0000, 57.0000, 1.0000)>
LIGHT
Point.005
POINT
<Color (r=1.0000, g=0.6321, b=0.2896)>
20.0
13.019999504089355
<Matrix 4x4 ( -1.0000, 0.0000,  0.0000, 0.0000)
            (  0.0000, 0.0000, -1.0000, 0.0000)
            (  0.0000, 1.0000,  0.0000, 0.0000)
            (-66.0000, 5.0000, 57.0000, 1.0000)>
MESH
Wall_Modular_Cube.001
<Matrix 4x4 (-2.0000,  0.0000,  0.0000, 0.0000)
            ( 0.0000,  2.0000,  0.0000, 0.0000)
            ( 0.0000, -0.0000,  2.0000, 0.0000)
            (-2.0000,  2.0000, 27.0000, 1.0000)>
MESH
Wall_Modular_Cube.002
<Matrix 4x4 (0.0000,  0.0000,  2.0000, 0.0000)
            (0.0000,  2.0000, -0.0000, 0.0000)
            (2.0000, -0.0000, -0.0000, 0.0000)
            (0.0000,  2.0000, 33.0000, 1.0000)>
MESH
Wall_Modular_Cube.003
<Matrix 4x4 (0.0000,  0.0000,  2.0000, 0.0000)
            (0.0000,  2.0000, -0.0000, 0.0000)
            (2.0000, -0.0000, -0.0000, 0.0000)
            (0.0000,  2.0000, 37.0000, 1.0000)>
MESH
Wall_Modular_Cube.004
<Matrix 4x4 (0.0000,  0.0000,  2.0000, 0.0000)
            (0.0000,  2.0000, -0.0000, 0.0000)
            (2.0000, -0.0000, -0.0000, 0.0000)
            (0.0000,  2.0000, 41.0000, 1.0000)>
MESH
Wall_Modular_Cube.005
<Matrix 4x4 (0.0000,  0.0000,  2.0000, 0.0000)
            (0.0000,  2.0000, -0.0000, 0.0000)
            (2.0000, -0.0000, -0.0000, 0.0000)
            (0.0000,  2.0000, 45.0000, 1.0000)>
MESH
Wall_Modular_Cube.006
<Matrix 4x4 ( -2.0000,  0.0000,  0.0000, 0.0000)
            (  0.0000,  2.0000,  0.0000, 0.0000)
            (  0.0000, -0.0000,  2.0000, 0.0000)
            (-18.0000,  2.0000, 27.0000, 1.0000)>
MESH
Wall_Modular_Cube.007
<Matrix 4x4 ( -2.0000,  0.0000,  0.0000, 0.0000)
            (  0.0000,  2.0000,  0.0000, 0.0000)
            (  0.0000, -0.0000,  2.0000, 0.0000)
            (-14.0000,  2.0000, 27.0000, 1.0000)>
MESH
Wall_Modular_Cube.008
<Matrix 4x4 (  0.0000,  0.0000,  2.0000, 0.0000)
            (  0.0000,  2.0000, -0.0000, 0.0000)
            (  2.0000, -0.0000, -0.0000, 0.0000)
            (-20.0000,  2.0000, 29.0000, 1.0000)>
MESH
Wall_Modular_Cube.009
<Matrix 4x4 (  0.0000,  0.0000,  2.0000, 0.0000)
            (  0.0000,  2.0000, -0.0000, 0.0000)
            (  2.0000, -0.0000, -0.0000, 0.0000)
            (-20.0000,  2.0000, 33.0000, 1.0000)>
MESH
Wall_Modular_Cube.010
<Matrix 4x4 (  0.0000,  0.0000,  2.0000, 0.0000)
            (  0.0000,  2.0000, -0.0000, 0.0000)
            (  2.0000, -0.0000, -0.0000, 0.0000)
            (-20.0000,  2.0000, 37.0000, 1.0000)>
MESH
Wall_Modular_Cube.011
<Matrix 4x4 (  0.0000,  0.0000,  2.0000, 0.0000)
            (  0.0000,  2.0000, -0.0000, 0.0000)
            (  2.0000, -0.0000, -0.0000, 0.0000)
            (-20.0000,  2.0000, 41.0000, 1.0000)>
MESH
Wall_Modular_Cube.012
<Matrix 4x4 (  0.0000,  0.0000,  2.0000, 0.0000)
            (  0.0000,  2.0000, -0.0000, 0.0000)
            (  2.0000, -0.0000, -0.0000, 0.0000)
            (-20.0000,  2.0000, 45.0000, 1.0000)>
MESH
Wall_Modular_Cube.013
<Matrix 4x4 (-2.0000,  0.0000,  0.0000, 0.0000)
            ( 0.0000,  2.0000,  0.0000, 0.0000)
            ( 0.0000, -0.0000,  2.0000, 0.0000)
            (-6.0000,  2.0000, 47.0000, 1.0000)>
MESH
Wall_Modular_Cube.014
<Matrix 4x4 (-2.0000,  0.0000,  0.0000, 0.0000)
            ( 0.0000,  2.0000,  0.0000, 0.0000)
            ( 0.0000, -0.0000,  2.0000, 0.0000)
            (-2.0000,  2.0000, 47.0000, 1.0000)>
MESH
Wall_Modular_Cube.015
<Matrix 4x4 ( -2.0000,  0.0000,  0.0000, 0.0000)
            (  0.0000,  2.0000,  0.0000, 0.0000)
            (  0.0000, -0.0000,  2.0000, 0.0000)
            (-18.0000,  2.0000, 47.0000, 1.0000)>
MESH
Wall_Modular_Cube.016
<Matrix 4x4 ( -2.0000,  0.0000,  0.0000, 0.0000)
            (  0.0000,  2.0000,  0.0000, 0.0000)
            (  0.0000, -0.0000,  2.0000, 0.0000)
            (-14.0000,  2.0000, 47.0000, 1.0000)>
MESH
Wall_Modular_Cube.017
<Matrix 4x4 ( -2.0000,  0.0000,  0.0000, 0.0000)
            (  0.0000,  2.0000,  0.0000, 0.0000)
            (  0.0000, -0.0000,  2.0000, 0.0000)
            (-10.0000,  2.0000, 47.0000, 1.0000)>
MESH
Wall_Modular_Cube.019
<Matrix 4x4 (0.0000,  0.0000,  2.0000, 0.0000)
            (0.0000,  2.0000, -0.0000, 0.0000)
            (2.0000, -0.0000, -0.0000, 0.0000)
            (0.0000,  2.0000,  1.0000, 1.0000)>
MESH
Wall_Modular_Cube.020
<Matrix 4x4 (-2.0000,  0.0000,  0.0000, 0.0000)
            ( 0.0000,  2.0000,  0.0000, 0.0000)
            ( 0.0000, -0.0000,  2.0000, 0.0000)
            (-6.0000,  2.0000, -1.0000, 1.0000)>
MESH
Wall_Modular_Cube.021
<Matrix 4x4 (-2.0000,  0.0000,  0.0000, 0.0000)
            ( 0.0000,  2.0000,  0.0000, 0.0000)
            ( 0.0000, -0.0000,  2.0000, 0.0000)
            (-2.0000,  2.0000, -1.0000, 1.0000)>
MESH
Wall_Modular_Cube.022
<Matrix 4x4 (0.0000,  0.0000,  2.0000, 0.0000)
            (0.0000,  2.0000, -0.0000, 0.0000)
            (2.0000, -0.0000, -0.0000, 0.0000)
            (0.0000,  2.0000,  5.0000, 1.0000)>
MESH
Wall_Modular_Cube.023
<Matrix 4x4 (0.0000,  0.0000,  2.0000, 0.0000)
            (0.0000,  2.0000, -0.0000, 0.0000)
            (2.0000, -0.0000, -0.0000, 0.0000)
            (0.0000,  2.0000,  9.0000, 1.0000)>
MESH
Wall_Modular_Cube.024
<Matrix 4x4 (0.0000,  0.0000,  2.0000, 0.0000)
            (0.0000,  2.0000, -0.0000, 0.0000)
            (2.0000, -0.0000, -0.0000, 0.0000)
            (0.0000,  2.0000, 13.0000, 1.0000)>
MESH
Wall_Modular_Cube.025
<Matrix 4x4 (0.0000,  0.0000,  2.0000, 0.0000)
            (0.0000,  2.0000, -0.0000, 0.0000)
            (2.0000, -0.0000, -0.0000, 0.0000)
            (0.0000,  2.0000, 17.0000, 1.0000)>
MESH
Wall_Modular_Cube.026
<Matrix 4x4 ( -2.0000,  0.0000,  0.0000, 0.0000)
            (  0.0000,  2.0000,  0.0000, 0.0000)
            (  0.0000, -0.0000,  2.0000, 0.0000)
            (-18.0000,  2.0000, -1.0000, 1.0000)>
MESH
Wall_Modular_Cube.027
<Matrix 4x4 ( -2.0000,  0.0000,  0.0000, 0.0000)
            (  0.0000,  2.0000,  0.0000, 0.0000)
            (  0.0000, -0.0000,  2.0000, 0.0000)
            (-14.0000,  2.0000, -1.0000, 1.0000)>
MESH
Wall_Modular_Cube.028
<Matrix 4x4 (  0.0000,  0.0000,  2.0000, 0.0000)
            (  0.0000,  2.0000, -0.0000, 0.0000)
            (  2.0000, -0.0000, -0.0000, 0.0000)
            (-20.0000,  2.0000,  1.0000, 1.0000)>
MESH
Wall_Modular_Cube.029
<Matrix 4x4 (  0.0000,  0.0000,  2.0000, 0.0000)
            (  0.0000,  2.0000, -0.0000, 0.0000)
            (  2.0000, -0.0000, -0.0000, 0.0000)
            (-20.0000,  2.0000,  5.0000, 1.0000)>
MESH
Wall_Modular_Cube.031
<Matrix 4x4 (  0.0000,  0.0000,  2.0000, 0.0000)
            (  0.0000,  2.0000, -0.0000, 0.0000)
            (  2.0000, -0.0000, -0.0000, 0.0000)
            (-20.0000,  2.0000, 13.0000, 1.0000)>
MESH
Wall_Modular_Cube.032
<Matrix 4x4 (  0.0000,  0.0000,  2.0000, 0.0000)
            (  0.0000,  2.0000, -0.0000, 0.0000)
            (  2.0000, -0.0000, -0.0000, 0.0000)
            (-20.0000,  2.0000, 17.0000, 1.0000)>
MESH
Wall_Modular_Cube.033
<Matrix 4x4 (-2.0000,  0.0000,  0.0000, 0.0000)
            ( 0.0000,  2.0000,  0.0000, 0.0000)
            ( 0.0000, -0.0000,  2.0000, 0.0000)
            (-6.0000,  2.0000, 19.0000, 1.0000)>
MESH
Wall_Modular_Cube.034
<Matrix 4x4 (-2.0000,  0.0000,  0.0000, 0.0000)
            ( 0.0000,  2.0000,  0.0000, 0.0000)
            ( 0.0000, -0.0000,  2.0000, 0.0000)
            (-2.0000,  2.0000, 19.0000, 1.0000)>
MESH
Wall_Modular_Cube.035
<Matrix 4x4 ( -2.0000,  0.0000,  0.0000, 0.0000)
            (  0.0000,  2.0000,  0.0000, 0.0000)
            (  0.0000, -0.0000,  2.0000, 0.0000)
            (-18.0000,  2.0000, 19.0000, 1.0000)>
MESH
Wall_Modular_Cube.036
<Matrix 4x4 ( -2.0000,  0.0000,  0.0000, 0.0000)
            (  0.0000,  2.0000,  0.0000, 0.0000)
            (  0.0000, -0.0000,  2.0000, 0.0000)
            (-14.0000,  2.0000, 19.0000, 1.0000)>
MESH
Wall_Modular_Cube.038
<Matrix 4x4 ( -2.0000,  0.0000,  0.0000, 0.0000)
            (  0.0000,  2.0000,  0.0000, 0.0000)
            (  0.0000, -0.0000,  2.0000, 0.0000)
            (-10.0000,  2.0000, -1.0000, 1.0000)>
MESH
Wall_Modular_Cube.039
<Matrix 4x4 (  0.0000,  0.0000,  2.0000, 0.0000)
            (  0.0000,  2.0000, -0.0000, 0.0000)
            (  2.0000, -0.0000, -0.0000, 0.0000)
            (-28.0000,  2.0000,  1.0000, 1.0000)>
MESH
Wall_Modular_Cube.040
<Matrix 4x4 ( -2.0000,  0.0000,  0.0000, 0.0000)
            (  0.0000,  2.0000,  0.0000, 0.0000)
            (  0.0000, -0.0000,  2.0000, 0.0000)
            (-34.0000,  2.0000, -1.0000, 1.0000)>
MESH
Wall_Modular_Cube.041
<Matrix 4x4 ( -2.0000,  0.0000,  0.0000, 0.0000)
            (  0.0000,  2.0000,  0.0000, 0.0000)
            (  0.0000, -0.0000,  2.0000, 0.0000)
            (-30.0000,  2.0000, -1.0000, 1.0000)>
MESH
Wall_Modular_Cube.042
<Matrix 4x4 (  0.0000,  0.0000,  2.0000, 0.0000)
            (  0.0000,  2.0000, -0.0000, 0.0000)
            (  2.0000, -0.0000, -0.0000, 0.0000)
            (-28.0000,  2.0000,  5.0000, 1.0000)>
MESH
Wall_Modular_Cube.044
<Matrix 4x4 (  0.0000,  0.0000,  2.0000, 0.0000)
            (  0.0000,  2.0000, -0.0000, 0.0000)
            (  2.0000, -0.0000, -0.0000, 0.0000)
            (-28.0000,  2.0000, 13.0000, 1.0000)>
MESH
Wall_Modular_Cube.045
<Matrix 4x4 (  0.0000,  0.0000,  2.0000, 0.0000)
            (  0.0000,  2.0000, -0.0000, 0.0000)
            (  2.0000, -0.0000, -0.0000, 0.0000)
            (-28.0000,  2.0000, 17.0000, 1.0000)>
MESH
Wall_Modular_Cube.046
<Matrix 4x4 ( -2.0000,  0.0000,  0.0000, 0.0000)
            (  0.0000,  2.0000,  0.0000, 0.0000)
            (  0.0000, -0.0000,  2.0000, 0.0000)
            (-46.0000,  2.0000, -1.0000, 1.0000)>
MESH
Wall_Modular_Cube.047
<Matrix 4x4 ( -2.0000,  0.0000,  0.0000, 0.0000)
            (  0.0000,  2.0000,  0.0000, 0.0000)
            (  0.0000, -0.0000,  2.0000, 0.0000)
            (-42.0000,  2.0000, -1.0000, 1.0000)>
MESH
Wall_Modular_Cube.048
<Matrix 4x4 (  0.0000,  0.0000,  2.0000, 0.0000)
            (  0.0000,  2.0000, -0.0000, 0.0000)
            (  2.0000, -0.0000, -0.0000, 0.0000)
            (-48.0000,  2.0000,  1.0000, 1.0000)>
MESH
Wall_Modular_Cube.049
<Matrix 4x4 (  0.0000,  0.0000,  2.0000, 0.0000)
            (  0.0000,  2.0000, -0.0000, 0.0000)
            (  2.0000, -0.0000, -0.0000, 0.0000)
            (-48.0000,  2.0000,  5.0000, 1.0000)>
MESH
Wall_Modular_Cube.050
<Matrix 4x4 (  0.0000,  0.0000,  2.0000, 0.0000)
            (  0.0000,  2.0000, -0.0000, 0.0000)
            (  2.0000, -0.0000, -0.0000, 0.0000)
            (-48.0000,  2.0000,  9.0000, 1.0000)>
MESH
Wall_Modular_Cube.051
<Matrix 4x4 (  0.0000,  0.0000,  2.0000, 0.0000)
            (  0.0000,  2.0000, -0.0000, 0.0000)
            (  2.0000, -0.0000, -0.0000, 0.0000)
            (-48.0000,  2.0000, 13.0000, 1.0000)>
MESH
Wall_Modular_Cube.052
<Matrix 4x4 (  0.0000,  0.0000,  2.0000, 0.0000)
            (  0.0000,  2.0000, -0.0000, 0.0000)
            (  2.0000, -0.0000, -0.0000, 0.0000)
            (-48.0000,  2.0000, 17.0000, 1.0000)>
MESH
Wall_Modular_Cube.053
<Matrix 4x4 ( -2.0000,  0.0000,  0.0000, 0.0000)
            (  0.0000,  2.0000,  0.0000, 0.0000)
            (  0.0000, -0.0000,  2.0000, 0.0000)
            (-34.0000,  2.0000, 19.0000, 1.0000)>
MESH
Wall_Modular_Cube.054
<Matrix 4x4 ( -2.0000,  0.0000,  0.0000, 0.0000)
            (  0.0000,  2.0000,  0.0000, 0.0000)
            (  0.0000, -0.0000,  2.0000, 0.0000)
            (-30.0000,  2.0000, 19.0000, 1.0000)>
MESH
Wall_Modular_Cube.055
<Matrix 4x4 ( -2.0000,  0.0000,  0.0000, 0.0000)
            (  0.0000,  2.0000,  0.0000, 0.0000)
            (  0.0000, -0.0000,  2.0000, 0.0000)
            (-46.0000,  2.0000, 19.0000, 1.0000)>
MESH
Wall_Modular_Cube.056
<Matrix 4x4 ( -2.0000,  0.0000,  0.0000, 0.0000)
            (  0.0000,  2.0000,  0.0000, 0.0000)
            (  0.0000, -0.0000,  2.0000, 0.0000)
            (-42.0000,  2.0000, 19.0000, 1.0000)>
MESH
Wall_Modular_Cube.058
<Matrix 4x4 ( -2.0000,  0.0000,  0.0000, 0.0000)
            (  0.0000,  2.0000,  0.0000, 0.0000)
            (  0.0000, -0.0000,  2.0000, 0.0000)
            (-38.0000,  2.0000, -1.0000, 1.0000)>
MESH
Wall_Modular_Cube.059
<Matrix 4x4 (  0.0000,  0.0000,  2.0000, 0.0000)
            (  0.0000,  2.0000, -0.0000, 0.0000)
            (  2.0000, -0.0000, -0.0000, 0.0000)
            (-28.0000,  2.0000, 29.0000, 1.0000)>
MESH
Wall_Modular_Cube.060
<Matrix 4x4 ( -2.0000,  0.0000,  0.0000, 0.0000)
            (  0.0000,  2.0000,  0.0000, 0.0000)
            (  0.0000, -0.0000,  2.0000, 0.0000)
            (-34.0000,  2.0000, 27.0000, 1.0000)>
MESH
Wall_Modular_Cube.061
<Matrix 4x4 ( -2.0000,  0.0000,  0.0000, 0.0000)
            (  0.0000,  2.0000,  0.0000, 0.0000)
            (  0.0000, -0.0000,  2.0000, 0.0000)
            (-30.0000,  2.0000, 27.0000, 1.0000)>
MESH
Wall_Modular_Cube.062
<Matrix 4x4 (  0.0000,  0.0000,  2.0000, 0.0000)
            (  0.0000,  2.0000, -0.0000, 0.0000)
            (  2.0000, -0.0000, -0.0000, 0.0000)
            (-28.0000,  2.0000, 33.0000, 1.0000)>
MESH
Wall_Modular_Cube.063
<Matrix 4x4 (  0.0000,  0.0000,  2.0000, 0.0000)
            (  0.0000,  2.0000, -0.0000, 0.0000)
            (  2.0000, -0.0000, -0.0000, 0.0000)
            (-28.0000,  2.0000, 37.0000, 1.0000)>
MESH
Wall_Modular_Cube.064
<Matrix 4x4 (  0.0000,  0.0000,  2.0000, 0.0000)
            (  0.0000,  2.0000, -0.0000, 0.0000)
            (  2.0000, -0.0000, -0.0000, 0.0000)
            (-28.0000,  2.0000, 41.0000, 1.0000)>
MESH
Wall_Modular_Cube.065
<Matrix 4x4 (  0.0000,  0.0000,  2.0000, 0.0000)
            (  0.0000,  2.0000, -0.0000, 0.0000)
            (  2.0000, -0.0000, -0.0000, 0.0000)
            (-28.0000,  2.0000, 45.0000, 1.0000)>
MESH
Wall_Modular_Cube.066
<Matrix 4x4 ( -2.0000,  0.0000,  0.0000, 0.0000)
            (  0.0000,  2.0000,  0.0000, 0.0000)
            (  0.0000, -0.0000,  2.0000, 0.0000)
            (-46.0000,  2.0000, 27.0000, 1.0000)>
MESH
Wall_Modular_Cube.067
<Matrix 4x4 ( -2.0000,  0.0000,  0.0000, 0.0000)
            (  0.0000,  2.0000,  0.0000, 0.0000)
            (  0.0000, -0.0000,  2.0000, 0.0000)
            (-42.0000,  2.0000, 27.0000, 1.0000)>
MESH
Wall_Modular_Cube.069
<Matrix 4x4 (  0.0000,  0.0000,  2.0000, 0.0000)
            (  0.0000,  2.0000, -0.0000, 0.0000)
            (  2.0000, -0.0000, -0.0000, 0.0000)
            (-48.0000,  2.0000, 29.0000, 1.0000)>
MESH
Wall_Modular_Cube.070
<Matrix 4x4 (  0.0000,  0.0000,  2.0000, 0.0000)
            (  0.0000,  2.0000, -0.0000, 0.0000)
            (  2.0000, -0.0000, -0.0000, 0.0000)
            (-48.0000,  2.0000, 33.0000, 1.0000)>
MESH
Wall_Modular_Cube.071
<Matrix 4x4 (  0.0000,  0.0000,  2.0000, 0.0000)
            (  0.0000,  2.0000, -0.0000, 0.0000)
            (  2.0000, -0.0000, -0.0000, 0.0000)
            (-48.0000,  2.0000, 37.0000, 1.0000)>
MESH
Wall_Modular_Cube.072
<Matrix 4x4 (  0.0000,  0.0000,  2.0000, 0.0000)
            (  0.0000,  2.0000, -0.0000, 0.0000)
            (  2.0000, -0.0000, -0.0000, 0.0000)
            (-48.0000,  2.0000, 41.0000, 1.0000)>
MESH
Wall_Modular_Cube.073
<Matrix 4x4 (  0.0000,  0.0000,  2.0000, 0.0000)
            (  0.0000,  2.0000, -0.0000, 0.0000)
            (  2.0000, -0.0000, -0.0000, 0.0000)
            (-48.0000,  2.0000, 45.0000, 1.0000)>
MESH
Wall_Modular_Cube.080
<Matrix 4x4 (  0.0000,  0.0000,  2.0000, 0.0000)
            (  0.0000,  2.0000, -0.0000, 0.0000)
            (  2.0000, -0.0000, -0.0000, 0.0000)
            (-56.0000,  2.0000, 49.0000, 1.0000)>
MESH
Wall_Modular_Cube.081
<Matrix 4x4 ( -2.0000,  0.0000,  0.0000, 0.0000)
            (  0.0000,  2.0000,  0.0000, 0.0000)
            (  0.0000, -0.0000,  2.0000, 0.0000)
            (-62.0000,  2.0000, 47.0000, 1.0000)>
MESH
Wall_Modular_Cube.082
<Matrix 4x4 ( -2.0000,  0.0000,  0.0000, 0.0000)
            (  0.0000,  2.0000,  0.0000, 0.0000)
            (  0.0000, -0.0000,  2.0000, 0.0000)
            (-58.0000,  2.0000, 47.0000, 1.0000)>
MESH
Wall_Modular_Cube.083
<Matrix 4x4 (  0.0000,  0.0000,  2.0000, 0.0000)
            (  0.0000,  2.0000, -0.0000, 0.0000)
            (  2.0000, -0.0000, -0.0000, 0.0000)
            (-56.0000,  2.0000, 53.0000, 1.0000)>
MESH
Wall_Modular_Cube.085
<Matrix 4x4 (  0.0000,  0.0000,  2.0000, 0.0000)
            (  0.0000,  2.0000, -0.0000, 0.0000)
            (  2.0000, -0.0000, -0.0000, 0.0000)
            (-56.0000,  2.0000, 61.0000, 1.0000)>
MESH
Wall_Modular_Cube.086
<Matrix 4x4 (  0.0000,  0.0000,  2.0000, 0.0000)
            (  0.0000,  2.0000, -0.0000, 0.0000)
            (  2.0000, -0.0000, -0.0000, 0.0000)
            (-56.0000,  2.0000, 65.0000, 1.0000)>
MESH
Wall_Modular_Cube.087
<Matrix 4x4 ( -2.0000,  0.0000,  0.0000, 0.0000)
            (  0.0000,  2.0000,  0.0000, 0.0000)
            (  0.0000, -0.0000,  2.0000, 0.0000)
            (-74.0000,  2.0000, 47.0000, 1.0000)>
MESH
Wall_Modular_Cube.088
<Matrix 4x4 ( -2.0000,  0.0000,  0.0000, 0.0000)
            (  0.0000,  2.0000,  0.0000, 0.0000)
            (  0.0000, -0.0000,  2.0000, 0.0000)
            (-70.0000,  2.0000, 47.0000, 1.0000)>
MESH
Wall_Modular_Cube.089
<Matrix 4x4 (  0.0000,  0.0000,  2.0000, 0.0000)
            (  0.0000,  2.0000, -0.0000, 0.0000)
            (  2.0000, -0.0000, -0.0000, 0.0000)
            (-76.0000,  2.0000, 49.0000, 1.0000)>
MESH
Wall_Modular_Cube.090
<Matrix 4x4 (  0.0000,  0.0000,  2.0000, 0.0000)
            (  0.0000,  2.0000, -0.0000, 0.0000)
            (  2.0000, -0.0000, -0.0000, 0.0000)
            (-76.0000,  2.0000, 53.0000, 1.0000)>
MESH
Wall_Modular_Cube.091
<Matrix 4x4 (  0.0000,  0.0000,  2.0000, 0.0000)
            (  0.0000,  2.0000, -0.0000, 0.0000)
            (  2.0000, -0.0000, -0.0000, 0.0000)
            (-76.0000,  2.0000, 57.0000, 1.0000)>
MESH
Wall_Modular_Cube.092
<Matrix 4x4 (  0.0000,  0.0000,  2.0000, 0.0000)
            (  0.0000,  2.0000, -0.0000, 0.0000)
            (  2.0000, -0.0000, -0.0000, 0.0000)
            (-76.0000,  2.0000, 61.0000, 1.0000)>
MESH
Wall_Modular_Cube.093
<Matrix 4x4 (  0.0000,  0.0000,  2.0000, 0.0000)
            (  0.0000,  2.0000, -0.0000, 0.0000)
            (  2.0000, -0.0000, -0.0000, 0.0000)
            (-76.0000,  2.0000, 65.0000, 1.0000)>
MESH
Wall_Modular_Cube.094
<Matrix 4x4 ( -2.0000,  0.0000,  0.0000, 0.0000)
            (  0.0000,  2.0000,  0.0000, 0.0000)
            (  0.0000, -0.0000,  2.0000, 0.0000)
            (-62.0000,  2.0000, 67.0000, 1.0000)>
MESH
Wall_Modular_Cube.095
<Matrix 4x4 ( -2.0000,  0.0000,  0.0000, 0.0000)
            (  0.0000,  2.0000,  0.0000, 0.0000)
            (  0.0000, -0.0000,  2.0000, 0.0000)
            (-58.0000,  2.0000, 67.0000, 1.0000)>
MESH
Wall_Modular_Cube.096
<Matrix 4x4 ( -2.0000,  0.0000,  0.0000, 0.0000)
            (  0.0000,  2.0000,  0.0000, 0.0000)
            (  0.0000, -0.0000,  2.0000, 0.0000)
            (-74.0000,  2.0000, 67.0000, 1.0000)>
MESH
Wall_Modular_Cube.097
<Matrix 4x4 ( -2.0000,  0.0000,  0.0000, 0.0000)
            (  0.0000,  2.0000,  0.0000, 0.0000)
            (  0.0000, -0.0000,  2.0000, 0.0000)
            (-70.0000,  2.0000, 67.0000, 1.0000)>
MESH
Wall_Modular_Cube.098
<Matrix 4x4 ( -2.0000,  0.0000,  0.0000, 0.0000)
            (  0.0000,  2.0000,  0.0000, 0.0000)
            (  0.0000, -0.0000,  2.0000, 0.0000)
            (-66.0000,  2.0000, 67.0000, 1.0000)>
MESH
Wall_Modular_Cube.099
<Matrix 4x4 ( -2.0000,  0.0000,  0.0000, 0.0000)
            (  0.0000,  2.0000,  0.0000, 0.0000)
            (  0.0000, -0.0000,  2.0000, 0.0000)
            (-66.0000,  2.0000, 47.0000, 1.0000)>
MESH
Wall_Modular_Cube.074
<Matrix 4x4 (  0.0000,  0.0000,  2.0000, 0.0000)
            (  0.0000,  2.0000, -0.0000, 0.0000)
            (  2.0000, -0.0000, -0.0000, 0.0000)
            (-28.0000,  2.0000, 49.0000, 1.0000)>
MESH
Wall_Modular_Cube.077
<Matrix 4x4 (  0.0000,  0.0000,  2.0000, 0.0000)
            (  0.0000,  2.0000, -0.0000, 0.0000)
            (  2.0000, -0.0000, -0.0000, 0.0000)
            (-28.0000,  2.0000, 53.0000, 1.0000)>
MESH
Wall_Modular_Cube.078
<Matrix 4x4 (  0.0000,  0.0000,  2.0000, 0.0000)
            (  0.0000,  2.0000, -0.0000, 0.0000)
            (  2.0000, -0.0000, -0.0000, 0.0000)
            (-28.0000,  2.0000, 57.0000, 1.0000)>
MESH
Wall_Modular_Cube.100
<Matrix 4x4 (  0.0000,  0.0000,  2.0000, 0.0000)
            (  0.0000,  2.0000, -0.0000, 0.0000)
            (  2.0000, -0.0000, -0.0000, 0.0000)
            (-28.0000,  2.0000, 61.0000, 1.0000)>
MESH
Wall_Modular_Cube.101
<Matrix 4x4 (  0.0000,  0.0000,  2.0000, 0.0000)
            (  0.0000,  2.0000, -0.0000, 0.0000)
            (  2.0000, -0.0000, -0.0000, 0.0000)
            (-28.0000,  2.0000, 65.0000, 1.0000)>
MESH
Wall_Modular_Cube.104
<Matrix 4x4 (  0.0000,  0.0000,  2.0000, 0.0000)
            (  0.0000,  2.0000, -0.0000, 0.0000)
            (  2.0000, -0.0000, -0.0000, 0.0000)
            (-48.0000,  2.0000, 49.0000, 1.0000)>
MESH
Wall_Modular_Cube.105
<Matrix 4x4 (  0.0000,  0.0000,  2.0000, 0.0000)
            (  0.0000,  2.0000, -0.0000, 0.0000)
            (  2.0000, -0.0000, -0.0000, 0.0000)
            (-48.0000,  2.0000, 53.0000, 1.0000)>
MESH
Wall_Modular_Cube.107
<Matrix 4x4 (  0.0000,  0.0000,  2.0000, 0.0000)
            (  0.0000,  2.0000, -0.0000, 0.0000)
            (  2.0000, -0.0000, -0.0000, 0.0000)
            (-48.0000,  2.0000, 61.0000, 1.0000)>
MESH
Wall_Modular_Cube.108
<Matrix 4x4 (  0.0000,  0.0000,  2.0000, 0.0000)
            (  0.0000,  2.0000, -0.0000, 0.0000)
            (  2.0000, -0.0000, -0.0000, 0.0000)
            (-48.0000,  2.0000, 65.0000, 1.0000)>
MESH
Wall_Modular_Cube.109
<Matrix 4x4 ( -2.0000,  0.0000,  0.0000, 0.0000)
            (  0.0000,  2.0000,  0.0000, 0.0000)
            (  0.0000, -0.0000,  2.0000, 0.0000)
            (-34.0000,  2.0000, 67.0000, 1.0000)>
MESH
Wall_Modular_Cube.110
<Matrix 4x4 ( -2.0000,  0.0000,  0.0000, 0.0000)
            (  0.0000,  2.0000,  0.0000, 0.0000)
            (  0.0000, -0.0000,  2.0000, 0.0000)
            (-30.0000,  2.0000, 67.0000, 1.0000)>
MESH
Wall_Modular_Cube.111
<Matrix 4x4 ( -2.0000,  0.0000,  0.0000, 0.0000)
            (  0.0000,  2.0000,  0.0000, 0.0000)
            (  0.0000, -0.0000,  2.0000, 0.0000)
            (-46.0000,  2.0000, 67.0000, 1.0000)>
MESH
Wall_Modular_Cube.112
<Matrix 4x4 ( -2.0000,  0.0000,  0.0000, 0.0000)
            (  0.0000,  2.0000,  0.0000, 0.0000)
            (  0.0000, -0.0000,  2.0000, 0.0000)
            (-42.0000,  2.0000, 67.0000, 1.0000)>
MESH
Wall_Modular_Cube.113
<Matrix 4x4 ( -2.0000,  0.0000,  0.0000, 0.0000)
            (  0.0000,  2.0000,  0.0000, 0.0000)
            (  0.0000, -0.0000,  2.0000, 0.0000)
            (-38.0000,  2.0000, 67.0000, 1.0000)>
MESH
Floor_Modular_Cube.049
<Matrix 4x4 (-2.0000, 0.0000,  0.0000, 0.0000)
            ( 0.0000, 2.0000, -0.0000, 0.0000)
            ( 0.0000, 0.0000,  2.0000, 0.0000)
            (-6.0000, 0.0000,  1.0000, 1.0000)>
MESH
Floor_Modular_Cube.050
<Matrix 4x4 ( -2.0000, 0.0000,  0.0000, 0.0000)
            (  0.0000, 2.0000, -0.0000, 0.0000)
            (  0.0000, 0.0000,  2.0000, 0.0000)
            (-10.0000, 0.0000,  1.0000, 1.0000)>
MESH
Floor_Modular_Cube.051
<Matrix 4x4 ( -2.0000, 0.0000,  0.0000, 0.0000)
            (  0.0000, 2.0000, -0.0000, 0.0000)
            (  0.0000, 0.0000,  2.0000, 0.0000)
            (-14.0000, 0.0000,  1.0000, 1.0000)>
MESH
Floor_Modular_Cube.052
<Matrix 4x4 ( -2.0000, 0.0000,  0.0000, 0.0000)
            (  0.0000, 2.0000, -0.0000, 0.0000)
            (  0.0000, 0.0000,  2.0000, 0.0000)
            (-18.0000, 0.0000,  1.0000, 1.0000)>
MESH
Floor_Modular_Cube.053
<Matrix 4x4 (-2.0000, 0.0000,  0.0000, 0.0000)
            ( 0.0000, 2.0000, -0.0000, 0.0000)
            ( 0.0000, 0.0000,  2.0000, 0.0000)
            (-2.0000, 0.0000,  5.0000, 1.0000)>
MESH
Floor_Modular_Cube.054
<Matrix 4x4 (-2.0000, 0.0000,  0.0000, 0.0000)
            ( 0.0000, 2.0000, -0.0000, 0.0000)
            ( 0.0000, 0.0000,  2.0000, 0.0000)
            (-6.0000, 0.0000,  5.0000, 1.0000)>
MESH
Floor_Modular_Cube.055
<Matrix 4x4 ( -2.0000, 0.0000,  0.0000, 0.0000)
            (  0.0000, 2.0000, -0.0000, 0.0000)
            (  0.0000, 0.0000,  2.0000, 0.0000)
            (-10.0000, 0.0000,  5.0000, 1.0000)>
MESH
Floor_Modular_Cube.056
<Matrix 4x4 ( -2.0000, 0.0000,  0.0000, 0.0000)
            (  0.0000, 2.0000, -0.0000, 0.0000)
            (  0.0000, 0.0000,  2.0000, 0.0000)
            (-14.0000, 0.0000,  5.0000, 1.0000)>
MESH
Floor_Modular_Cube.057
<Matrix 4x4 ( -2.0000, 0.0000,  0.0000, 0.0000)
            (  0.0000, 2.0000, -0.0000, 0.0000)
            (  0.0000, 0.0000,  2.0000, 0.0000)
            (-18.0000, 0.0000,  5.0000, 1.0000)>
MESH
Floor_Modular_Cube.058
<Matrix 4x4 (-2.0000, 0.0000,  0.0000, 0.0000)
            ( 0.0000, 2.0000, -0.0000, 0.0000)
            ( 0.0000, 0.0000,  2.0000, 0.0000)
            (-2.0000, 0.0000,  9.0000, 1.0000)>
MESH
Floor_Modular_Cube.059
<Matrix 4x4 (-2.0000, 0.0000,  0.0000, 0.0000)
            ( 0.0000, 2.0000, -0.0000, 0.0000)
            ( 0.0000, 0.0000,  2.0000, 0.0000)
            (-6.0000, 0.0000,  9.0000, 1.0000)>
MESH
Floor_Modular_Cube.060
<Matrix 4x4 ( -2.0000, 0.0000,  0.0000, 0.0000)
            (  0.0000, 2.0000, -0.0000, 0.0000)
            (  0.0000, 0.0000,  2.0000, 0.0000)
            (-10.0000, 0.0000,  9.0000, 1.0000)>
MESH
Floor_Modular_Cube.061
<Matrix 4x4 ( -2.0000, 0.0000,  0.0000, 0.0000)
            (  0.0000, 2.0000, -0.0000, 0.0000)
            (  0.0000, 0.0000,  2.0000, 0.0000)
            (-14.0000, 0.0000,  9.0000, 1.0000)>
MESH
Floor_Modular_Cube.062
<Matrix 4x4 ( -2.0000, 0.0000,  0.0000, 0.0000)
            (  0.0000, 2.0000, -0.0000, 0.0000)
            (  0.0000, 0.0000,  2.0000, 0.0000)
            (-18.0000, 0.0000,  9.0000, 1.0000)>
MESH
Floor_Modular_Cube.063
<Matrix 4x4 (-2.0000, 0.0000,  0.0000, 0.0000)
            ( 0.0000, 2.0000, -0.0000, 0.0000)
            ( 0.0000, 0.0000,  2.0000, 0.0000)
            (-2.0000, 0.0000, 13.0000, 1.0000)>
MESH
Floor_Modular_Cube.064
<Matrix 4x4 (-2.0000, 0.0000,  0.0000, 0.0000)
            ( 0.0000, 2.0000, -0.0000, 0.0000)
            ( 0.0000, 0.0000,  2.0000, 0.0000)
            (-6.0000, 0.0000, 13.0000, 1.0000)>
MESH
Floor_Modular_Cube.065
<Matrix 4x4 ( -2.0000, 0.0000,  0.0000, 0.0000)
            (  0.0000, 2.0000, -0.0000, 0.0000)
            (  0.0000, 0.0000,  2.0000, 0.0000)
            (-10.0000, 0.0000, 13.0000, 1.0000)>
MESH
Floor_Modular_Cube.066
<Matrix 4x4 ( -2.0000, 0.0000,  0.0000, 0.0000)
            (  0.0000, 2.0000, -0.0000, 0.0000)
            (  0.0000, 0.0000,  2.0000, 0.0000)
            (-14.0000, 0.0000, 13.0000, 1.0000)>
MESH
Floor_Modular_Cube.067
<Matrix 4x4 ( -2.0000, 0.0000,  0.0000, 0.0000)
            (  0.0000, 2.0000, -0.0000, 0.0000)
            (  0.0000, 0.0000,  2.0000, 0.0000)
            (-18.0000, 0.0000, 13.0000, 1.0000)>
MESH
Floor_Modular_Cube.068
<Matrix 4x4 (-2.0000, 0.0000,  0.0000, 0.0000)
            ( 0.0000, 2.0000, -0.0000, 0.0000)
            ( 0.0000, 0.0000,  2.0000, 0.0000)
            (-2.0000, 0.0000, 17.0000, 1.0000)>
MESH
Floor_Modular_Cube.069
<Matrix 4x4 (-2.0000, 0.0000,  0.0000, 0.0000)
            ( 0.0000, 2.0000, -0.0000, 0.0000)
            ( 0.0000, 0.0000,  2.0000, 0.0000)
            (-6.0000, 0.0000, 17.0000, 1.0000)>
MESH
Floor_Modular_Cube.070
<Matrix 4x4 ( -2.0000, 0.0000,  0.0000, 0.0000)
            (  0.0000, 2.0000, -0.0000, 0.0000)
            (  0.0000, 0.0000,  2.0000, 0.0000)
            (-10.0000, 0.0000, 17.0000, 1.0000)>
MESH
Floor_Modular_Cube.071
<Matrix 4x4 ( -2.0000, 0.0000,  0.0000, 0.0000)
            (  0.0000, 2.0000, -0.0000, 0.0000)
            (  0.0000, 0.0000,  2.0000, 0.0000)
            (-14.0000, 0.0000, 17.0000, 1.0000)>
MESH
Floor_Modular_Cube.072
<Matrix 4x4 ( -2.0000, 0.0000,  0.0000, 0.0000)
            (  0.0000, 2.0000, -0.0000, 0.0000)
            (  0.0000, 0.0000,  2.0000, 0.0000)
            (-18.0000, 0.0000, 17.0000, 1.0000)>
MESH
Floor_Modular_Cube.073
<Matrix 4x4 ( -2.0000, 0.0000,  0.0000, 0.0000)
            (  0.0000, 2.0000, -0.0000, 0.0000)
            (  0.0000, 0.0000,  2.0000, 0.0000)
            (-30.0000, 0.0000,  1.0000, 1.0000)>
MESH
Floor_Modular_Cube.074
<Matrix 4x4 ( -2.0000, 0.0000,  0.0000, 0.0000)
            (  0.0000, 2.0000, -0.0000, 0.0000)
            (  0.0000, 0.0000,  2.0000, 0.0000)
            (-34.0000, 0.0000,  1.0000, 1.0000)>
MESH
Floor_Modular_Cube.075
<Matrix 4x4 ( -2.0000, 0.0000,  0.0000, 0.0000)
            (  0.0000, 2.0000, -0.0000, 0.0000)
            (  0.0000, 0.0000,  2.0000, 0.0000)
            (-38.0000, 0.0000,  1.0000, 1.0000)>
MESH
Floor_Modular_Cube.076
<Matrix 4x4 ( -2.0000, 0.0000,  0.0000, 0.0000)
            (  0.0000, 2.0000, -0.0000, 0.0000)
            (  0.0000, 0.0000,  2.0000, 0.0000)
            (-42.0000, 0.0000,  1.0000, 1.0000)>
MESH
Floor_Modular_Cube.077
<Matrix 4x4 ( -2.0000, 0.0000,  0.0000, 0.0000)
            (  0.0000, 2.0000, -0.0000, 0.0000)
            (  0.0000, 0.0000,  2.0000, 0.0000)
            (-46.0000, 0.0000,  1.0000, 1.0000)>
MESH
Floor_Modular_Cube.078
<Matrix 4x4 ( -2.0000, 0.0000,  0.0000, 0.0000)
            (  0.0000, 2.0000, -0.0000, 0.0000)
            (  0.0000, 0.0000,  2.0000, 0.0000)
            (-30.0000, 0.0000,  5.0000, 1.0000)>
MESH
Floor_Modular_Cube.079
<Matrix 4x4 ( -2.0000, 0.0000,  0.0000, 0.0000)
            (  0.0000, 2.0000, -0.0000, 0.0000)
            (  0.0000, 0.0000,  2.0000, 0.0000)
            (-34.0000, 0.0000,  5.0000, 1.0000)>
MESH
Floor_Modular_Cube.080
<Matrix 4x4 ( -2.0000, 0.0000,  0.0000, 0.0000)
            (  0.0000, 2.0000, -0.0000, 0.0000)
            (  0.0000, 0.0000,  2.0000, 0.0000)
            (-38.0000, 0.0000,  5.0000, 1.0000)>
MESH
Floor_Modular_Cube.081
<Matrix 4x4 ( -2.0000, 0.0000,  0.0000, 0.0000)
            (  0.0000, 2.0000, -0.0000, 0.0000)
            (  0.0000, 0.0000,  2.0000, 0.0000)
            (-42.0000, 0.0000,  5.0000, 1.0000)>
MESH
Floor_Modular_Cube.082
<Matrix 4x4 ( -2.0000, 0.0000,  0.0000, 0.0000)
            (  0.0000, 2.0000, -0.0000, 0.0000)
            (  0.0000, 0.0000,  2.0000, 0.0000)
            (-46.0000, 0.0000,  5.0000, 1.0000)>
MESH
Floor_Modular_Cube.083
<Matrix 4x4 ( -2.0000, 0.0000,  0.0000, 0.0000)
            (  0.0000, 2.0000, -0.0000, 0.0000)
            (  0.0000, 0.0000,  2.0000, 0.0000)
            (-30.0000, 0.0000,  9.0000, 1.0000)>
MESH
Floor_Modular_Cube.084
<Matrix 4x4 ( -2.0000, 0.0000,  0.0000, 0.0000)
            (  0.0000, 2.0000, -0.0000, 0.0000)
            (  0.0000, 0.0000,  2.0000, 0.0000)
            (-34.0000, 0.0000,  9.0000, 1.0000)>
MESH
Floor_Modular_Cube.085
<Matrix 4x4 ( -2.0000, 0.0000,  0.0000, 0.0000)
            (  0.0000, 2.0000, -0.0000, 0.0000)
            (  0.0000, 0.0000,  2.0000, 0.0000)
            (-38.0000, 0.0000,  9.0000, 1.0000)>
MESH
Floor_Modular_Cube.086
<Matrix 4x4 ( -2.0000, 0.0000,  0.0000, 0.0000)
            (  0.0000, 2.0000, -0.0000, 0.0000)
            (  0.0000, 0.0000,  2.0000, 0.0000)
            (-42.0000, 0.0000,  9.0000, 1.0000)>
MESH
Floor_Modular_Cube.087
<Matrix 4x4 ( -2.0000, 0.0000,  0.0000, 0.0000)
            (  0.0000, 2.0000, -0.0000, 0.0000)
            (  0.0000, 0.0000,  2.0000, 0.0000)
            (-46.0000, 0.0000,  9.0000, 1.0000)>
MESH
Floor_Modular_Cube.088
<Matrix 4x4 ( -2.0000, 0.0000,  0.0000, 0.0000)
            (  0.0000, 2.0000, -0.0000, 0.0000)
            (  0.0000, 0.0000,  2.0000, 0.0000)
            (-30.0000, 0.0000, 13.0000, 1.0000)>
MESH
Floor_Modular_Cube.089
<Matrix 4x4 ( -2.0000, 0.0000,  0.0000, 0.0000)
            (  0.0000, 2.0000, -0.0000, 0.0000)
            (  0.0000, 0.0000,  2.0000, 0.0000)
            (-34.0000, 0.0000, 13.0000, 1.0000)>
MESH
Floor_Modular_Cube.090
<Matrix 4x4 ( -2.0000, 0.0000,  0.0000, 0.0000)
            (  0.0000, 2.0000, -0.0000, 0.0000)
            (  0.0000, 0.0000,  2.0000, 0.0000)
            (-38.0000, 0.0000, 13.0000, 1.0000)>
MESH
Floor_Modular_Cube.091
<Matrix 4x4 ( -2.0000, 0.0000,  0.0000, 0.0000)
            (  0.0000, 2.0000, -0.0000, 0.0000)
            (  0.0000, 0.0000,  2.0000, 0.0000)
            (-42.0000, 0.0000, 13.0000, 1.0000)>
MESH
Floor_Modular_Cube.092
<Matrix 4x4 ( -2.0000, 0.0000,  0.0000, 0.0000)
            (  0.0000, 2.0000, -0.0000, 0.0000)
            (  0.0000, 0.0000,  2.0000, 0.0000)
            (-46.0000, 0.0000, 13.0000, 1.0000)>
MESH
Floor_Modular_Cube.093
<Matrix 4x4 ( -2.0000, 0.0000,  0.0000, 0.0000)
            (  0.0000, 2.0000, -0.0000, 0.0000)
            (  0.0000, 0.0000,  2.0000, 0.0000)
            (-30.0000, 0.0000, 17.0000, 1.0000)>
MESH
Floor_Modular_Cube.096
<Matrix 4x4 ( -2.0000, 0.0000,  0.0000, 0.0000)
            (  0.0000, 2.0000, -0.0000, 0.0000)
            (  0.0000, 0.0000,  2.0000, 0.0000)
            (-34.0000, 0.0000, 17.0000, 1.0000)>
MESH
Floor_Modular_Cube.097
<Matrix 4x4 ( -2.0000, 0.0000,  0.0000, 0.0000)
            (  0.0000, 2.0000, -0.0000, 0.0000)
            (  0.0000, 0.0000,  2.0000, 0.0000)
            (-38.0000, 0.0000, 17.0000, 1.0000)>
MESH
Floor_Modular_Cube.098
<Matrix 4x4 ( -2.0000, 0.0000,  0.0000, 0.0000)
            (  0.0000, 2.0000, -0.0000, 0.0000)
            (  0.0000, 0.0000,  2.0000, 0.0000)
            (-42.0000, 0.0000, 17.0000, 1.0000)>
MESH
Floor_Modular_Cube.099
<Matrix 4x4 ( -2.0000, 0.0000,  0.0000, 0.0000)
            (  0.0000, 2.0000, -0.0000, 0.0000)
            (  0.0000, 0.0000,  2.0000, 0.0000)
            (-46.0000, 0.0000, 17.0000, 1.0000)>
MESH
Floor_Modular_Cube.100
<Matrix 4x4 ( -2.0000, 0.0000,  0.0000, 0.0000)
            (  0.0000, 2.0000, -0.0000, 0.0000)
            (  0.0000, 0.0000,  2.0000, 0.0000)
            (-26.0000, 0.0000,  9.0000, 1.0000)>
MESH
Floor_Modular_Cube.001
<Matrix 4x4 ( -2.0000, 0.0000,  0.0000, 0.0000)
            (  0.0000, 2.0000, -0.0000, 0.0000)
            (  0.0000, 0.0000,  2.0000, 0.0000)
            (-10.0000, 0.0000, 21.0000, 1.0000)>
MESH
Floor_Modular_Cube.002
<Matrix 4x4 ( -2.0000, 0.0000,  0.0000, 0.0000)
            (  0.0000, 2.0000, -0.0000, 0.0000)
            (  0.0000, 0.0000,  2.0000, 0.0000)
            (-10.0000, 0.0000, 25.0000, 1.0000)>
MESH
Floor_Modular_Cube.003
<Matrix 4x4 (-2.0000, 0.0000,  0.0000, 0.0000)
            ( 0.0000, 2.0000, -0.0000, 0.0000)
            ( 0.0000, 0.0000,  2.0000, 0.0000)
            (-2.0000, 0.0000, 29.0000, 1.0000)>
MESH
Floor_Modular_Cube.004
<Matrix 4x4 (-2.0000, 0.0000,  0.0000, 0.0000)
            ( 0.0000, 2.0000, -0.0000, 0.0000)
            ( 0.0000, 0.0000,  2.0000, 0.0000)
            (-6.0000, 0.0000, 29.0000, 1.0000)>
MESH
Floor_Modular_Cube.005
<Matrix 4x4 ( -2.0000, 0.0000,  0.0000, 0.0000)
            (  0.0000, 2.0000, -0.0000, 0.0000)
            (  0.0000, 0.0000,  2.0000, 0.0000)
            (-10.0000, 0.0000, 29.0000, 1.0000)>
MESH
Floor_Modular_Cube.006
<Matrix 4x4 ( -2.0000, 0.0000,  0.0000, 0.0000)
            (  0.0000, 2.0000, -0.0000, 0.0000)
            (  0.0000, 0.0000,  2.0000, 0.0000)
            (-14.0000, 0.0000, 29.0000, 1.0000)>
MESH
Floor_Modular_Cube.007
<Matrix 4x4 ( -2.0000, 0.0000,  0.0000, 0.0000)
            (  0.0000, 2.0000, -0.0000, 0.0000)
            (  0.0000, 0.0000,  2.0000, 0.0000)
            (-18.0000, 0.0000, 29.0000, 1.0000)>
MESH
Floor_Modular_Cube.008
<Matrix 4x4 (-2.0000, 0.0000,  0.0000, 0.0000)
            ( 0.0000, 2.0000, -0.0000, 0.0000)
            ( 0.0000, 0.0000,  2.0000, 0.0000)
            (-2.0000, 0.0000, 33.0000, 1.0000)>
MESH
Floor_Modular_Cube.009
<Matrix 4x4 (-2.0000, 0.0000,  0.0000, 0.0000)
            ( 0.0000, 2.0000, -0.0000, 0.0000)
            ( 0.0000, 0.0000,  2.0000, 0.0000)
            (-6.0000, 0.0000, 33.0000, 1.0000)>
MESH
Floor_Modular_Cube.010
<Matrix 4x4 ( -2.0000, 0.0000,  0.0000, 0.0000)
            (  0.0000, 2.0000, -0.0000, 0.0000)
            (  0.0000, 0.0000,  2.0000, 0.0000)
            (-10.0000, 0.0000, 33.0000, 1.0000)>
MESH
Floor_Modular_Cube.011
<Matrix 4x4 ( -2.0000, 0.0000,  0.0000, 0.0000)
            (  0.0000, 2.0000, -0.0000, 0.0000)
            (  0.0000, 0.0000,  2.0000, 0.0000)
            (-14.0000, 0.0000, 33.0000, 1.0000)>
MESH
Floor_Modular_Cube.012
<Matrix 4x4 ( -2.0000, 0.0000,  0.0000, 0.0000)
            (  0.0000, 2.0000, -0.0000, 0.0000)
            (  0.0000, 0.0000,  2.0000, 0.0000)
            (-18.0000, 0.0000, 33.0000, 1.0000)>
MESH
Floor_Modular_Cube.013
<Matrix 4x4 (-2.0000, 0.0000,  0.0000, 0.0000)
            ( 0.0000, 2.0000, -0.0000, 0.0000)
            ( 0.0000, 0.0000,  2.0000, 0.0000)
            (-2.0000, 0.0000, 37.0000, 1.0000)>
MESH
Floor_Modular_Cube.014
<Matrix 4x4 (-2.0000, 0.0000,  0.0000, 0.0000)
            ( 0.0000, 2.0000, -0.0000, 0.0000)
            ( 0.0000, 0.0000,  2.0000, 0.0000)
            (-6.0000, 0.0000, 37.0000, 1.0000)>
MESH
Floor_Modular_Cube.015
<Matrix 4x4 ( -2.0000, 0.0000,  0.0000, 0.0000)
            (  0.0000, 2.0000, -0.0000, 0.0000)
            (  0.0000, 0.0000,  2.0000, 0.0000)
            (-10.0000, 0.0000, 37.0000, 1.0000)>
MESH
Floor_Modular_Cube.016
<Matrix 4x4 ( -2.0000, 0.0000,  0.0000, 0.0000)
            (  0.0000, 2.0000, -0.0000, 0.0000)
            (  0.0000, 0.0000,  2.0000, 0.0000)
            (-14.0000, 0.0000, 37.0000, 1.0000)>
MESH
Floor_Modular_Cube.017
<Matrix 4x4 ( -2.0000, 0.0000,  0.0000, 0.0000)
            (  0.0000, 2.0000, -0.0000, 0.0000)
            (  0.0000, 0.0000,  2.0000, 0.0000)
            (-18.0000, 0.0000, 37.0000, 1.0000)>
MESH
Floor_Modular_Cube.018
<Matrix 4x4 (-2.0000, 0.0000,  0.0000, 0.0000)
            ( 0.0000, 2.0000, -0.0000, 0.0000)
            ( 0.0000, 0.0000,  2.0000, 0.0000)
            (-2.0000, 0.0000, 41.0000, 1.0000)>
MESH
Floor_Modular_Cube.019
<Matrix 4x4 (-2.0000, 0.0000,  0.0000, 0.0000)
            ( 0.0000, 2.0000, -0.0000, 0.0000)
            ( 0.0000, 0.0000,  2.0000, 0.0000)
            (-6.0000, 0.0000, 41.0000, 1.0000)>
MESH
Floor_Modular_Cube.020
<Matrix 4x4 ( -2.0000, 0.0000,  0.0000, 0.0000)
            (  0.0000, 2.0000, -0.0000, 0.0000)
            (  0.0000, 0.0000,  2.0000, 0.0000)
            (-10.0000, 0.0000, 41.0000, 1.0000)>
MESH
Floor_Modular_Cube.021
<Matrix 4x4 ( -2.0000, 0.0000,  0.0000, 0.0000)
            (  0.0000, 2.0000, -0.0000, 0.0000)
            (  0.0000, 0.0000,  2.0000, 0.0000)
            (-14.0000, 0.0000, 41.0000, 1.0000)>
MESH
Floor_Modular_Cube.022
<Matrix 4x4 ( -2.0000, 0.0000,  0.0000, 0.0000)
            (  0.0000, 2.0000, -0.0000, 0.0000)
            (  0.0000, 0.0000,  2.0000, 0.0000)
            (-18.0000, 0.0000, 41.0000, 1.0000)>
MESH
Floor_Modular_Cube.023
<Matrix 4x4 (-2.0000, 0.0000,  0.0000, 0.0000)
            ( 0.0000, 2.0000, -0.0000, 0.0000)
            ( 0.0000, 0.0000,  2.0000, 0.0000)
            (-2.0000, 0.0000, 45.0000, 1.0000)>
MESH
Floor_Modular_Cube.024
<Matrix 4x4 (-2.0000, 0.0000,  0.0000, 0.0000)
            ( 0.0000, 2.0000, -0.0000, 0.0000)
            ( 0.0000, 0.0000,  2.0000, 0.0000)
            (-6.0000, 0.0000, 45.0000, 1.0000)>
MESH
Floor_Modular_Cube.025
<Matrix 4x4 ( -2.0000, 0.0000,  0.0000, 0.0000)
            (  0.0000, 2.0000, -0.0000, 0.0000)
            (  0.0000, 0.0000,  2.0000, 0.0000)
            (-10.0000, 0.0000, 45.0000, 1.0000)>
MESH
Floor_Modular_Cube.027
<Matrix 4x4 ( -2.0000, 0.0000,  0.0000, 0.0000)
            (  0.0000, 2.0000, -0.0000, 0.0000)
            (  0.0000, 0.0000,  2.0000, 0.0000)
            (-14.0000, 0.0000, 45.0000, 1.0000)>
MESH
Floor_Modular_Cube.028
<Matrix 4x4 ( -2.0000, 0.0000,  0.0000, 0.0000)
            (  0.0000, 2.0000, -0.0000, 0.0000)
            (  0.0000, 0.0000,  2.0000, 0.0000)
            (-18.0000, 0.0000, 45.0000, 1.0000)>
MESH
Floor_Modular_Cube.029
<Matrix 4x4 ( -2.0000, 0.0000,  0.0000, 0.0000)
            (  0.0000, 2.0000, -0.0000, 0.0000)
            (  0.0000, 0.0000,  2.0000, 0.0000)
            (-22.0000, 0.0000,  9.0000, 1.0000)>
MESH
Floor_Modular_Cube.030
<Matrix 4x4 ( -2.0000, 0.0000,  0.0000, 0.0000)
            (  0.0000, 2.0000, -0.0000, 0.0000)
            (  0.0000, 0.0000,  2.0000, 0.0000)
            (-30.0000, 0.0000, 29.0000, 1.0000)>
MESH
Floor_Modular_Cube.031
<Matrix 4x4 ( -2.0000, 0.0000,  0.0000, 0.0000)
            (  0.0000, 2.0000, -0.0000, 0.0000)
            (  0.0000, 0.0000,  2.0000, 0.0000)
            (-34.0000, 0.0000, 29.0000, 1.0000)>
MESH
Floor_Modular_Cube.032
<Matrix 4x4 ( -2.0000, 0.0000,  0.0000, 0.0000)
            (  0.0000, 2.0000, -0.0000, 0.0000)
            (  0.0000, 0.0000,  2.0000, 0.0000)
            (-38.0000, 0.0000, 29.0000, 1.0000)>
MESH
Floor_Modular_Cube.033
<Matrix 4x4 ( -2.0000, 0.0000,  0.0000, 0.0000)
            (  0.0000, 2.0000, -0.0000, 0.0000)
            (  0.0000, 0.0000,  2.0000, 0.0000)
            (-42.0000, 0.0000, 29.0000, 1.0000)>
MESH
Floor_Modular_Cube.034
<Matrix 4x4 ( -2.0000, 0.0000,  0.0000, 0.0000)
            (  0.0000, 2.0000, -0.0000, 0.0000)
            (  0.0000, 0.0000,  2.0000, 0.0000)
            (-46.0000, 0.0000, 29.0000, 1.0000)>
MESH
Floor_Modular_Cube.035
<Matrix 4x4 ( -2.0000, 0.0000,  0.0000, 0.0000)
            (  0.0000, 2.0000, -0.0000, 0.0000)
            (  0.0000, 0.0000,  2.0000, 0.0000)
            (-30.0000, 0.0000, 33.0000, 1.0000)>
MESH
Floor_Modular_Cube.036
<Matrix 4x4 ( -2.0000, 0.0000,  0.0000, 0.0000)
            (  0.0000, 2.0000, -0.0000, 0.0000)
            (  0.0000, 0.0000,  2.0000, 0.0000)
            (-34.0000, 0.0000, 33.0000, 1.0000)>
MESH
Floor_Modular_Cube.037
<Matrix 4x4 ( -2.0000, 0.0000,  0.0000, 0.0000)
            (  0.0000, 2.0000, -0.0000, 0.0000)
            (  0.0000, 0.0000,  2.0000, 0.0000)
            (-38.0000, 0.0000, 33.0000, 1.0000)>
MESH
Floor_Modular_Cube.038
<Matrix 4x4 ( -2.0000, 0.0000,  0.0000, 0.0000)
            (  0.0000, 2.0000, -0.0000, 0.0000)
            (  0.0000, 0.0000,  2.0000, 0.0000)
            (-42.0000, 0.0000, 33.0000, 1.0000)>
MESH
Floor_Modular_Cube.039
<Matrix 4x4 ( -2.0000, 0.0000,  0.0000, 0.0000)
            (  0.0000, 2.0000, -0.0000, 0.0000)
            (  0.0000, 0.0000,  2.0000, 0.0000)
            (-46.0000, 0.0000, 33.0000, 1.0000)>
MESH
Floor_Modular_Cube.040
<Matrix 4x4 ( -2.0000, 0.0000,  0.0000, 0.0000)
            (  0.0000, 2.0000, -0.0000, 0.0000)
            (  0.0000, 0.0000,  2.0000, 0.0000)
            (-30.0000, 0.0000, 37.0000, 1.0000)>
MESH
Floor_Modular_Cube.041
<Matrix 4x4 ( -2.0000, 0.0000,  0.0000, 0.0000)
            (  0.0000, 2.0000, -0.0000, 0.0000)
            (  0.0000, 0.0000,  2.0000, 0.0000)
            (-34.0000, 0.0000, 37.0000, 1.0000)>
MESH
Floor_Modular_Cube.042
<Matrix 4x4 ( -2.0000, 0.0000,  0.0000, 0.0000)
            (  0.0000, 2.0000, -0.0000, 0.0000)
            (  0.0000, 0.0000,  2.0000, 0.0000)
            (-38.0000, 0.0000, 37.0000, 1.0000)>
MESH
Floor_Modular_Cube.043
<Matrix 4x4 ( -2.0000, 0.0000,  0.0000, 0.0000)
            (  0.0000, 2.0000, -0.0000, 0.0000)
            (  0.0000, 0.0000,  2.0000, 0.0000)
            (-42.0000, 0.0000, 37.0000, 1.0000)>
MESH
Floor_Modular_Cube.044
<Matrix 4x4 ( -2.0000, 0.0000,  0.0000, 0.0000)
            (  0.0000, 2.0000, -0.0000, 0.0000)
            (  0.0000, 0.0000,  2.0000, 0.0000)
            (-46.0000, 0.0000, 37.0000, 1.0000)>
MESH
Floor_Modular_Cube.045
<Matrix 4x4 ( -2.0000, 0.0000,  0.0000, 0.0000)
            (  0.0000, 2.0000, -0.0000, 0.0000)
            (  0.0000, 0.0000,  2.0000, 0.0000)
            (-30.0000, 0.0000, 41.0000, 1.0000)>
MESH
Floor_Modular_Cube.046
<Matrix 4x4 ( -2.0000, 0.0000,  0.0000, 0.0000)
            (  0.0000, 2.0000, -0.0000, 0.0000)
            (  0.0000, 0.0000,  2.0000, 0.0000)
            (-34.0000, 0.0000, 41.0000, 1.0000)>
MESH
Floor_Modular_Cube.047
<Matrix 4x4 ( -2.0000, 0.0000,  0.0000, 0.0000)
            (  0.0000, 2.0000, -0.0000, 0.0000)
            (  0.0000, 0.0000,  2.0000, 0.0000)
            (-38.0000, 0.0000, 41.0000, 1.0000)>
MESH
Floor_Modular_Cube.048
<Matrix 4x4 ( -2.0000, 0.0000,  0.0000, 0.0000)
            (  0.0000, 2.0000, -0.0000, 0.0000)
            (  0.0000, 0.0000,  2.0000, 0.0000)
            (-42.0000, 0.0000, 41.0000, 1.0000)>
MESH
Floor_Modular_Cube.094
<Matrix 4x4 ( -2.0000, 0.0000,  0.0000, 0.0000)
            (  0.0000, 2.0000, -0.0000, 0.0000)
            (  0.0000, 0.0000,  2.0000, 0.0000)
            (-46.0000, 0.0000, 41.0000, 1.0000)>
MESH
Floor_Modular_Cube.095
<Matrix 4x4 ( -2.0000, 0.0000,  0.0000, 0.0000)
            (  0.0000, 2.0000, -0.0000, 0.0000)
            (  0.0000, 0.0000,  2.0000, 0.0000)
            (-30.0000, 0.0000, 45.0000, 1.0000)>
MESH
Floor_Modular_Cube.101
<Matrix 4x4 ( -2.0000, 0.0000,  0.0000, 0.0000)
            (  0.0000, 2.0000, -0.0000, 0.0000)
            (  0.0000, 0.0000,  2.0000, 0.0000)
            (-34.0000, 0.0000, 45.0000, 1.0000)>
MESH
Floor_Modular_Cube.102
<Matrix 4x4 ( -2.0000, 0.0000,  0.0000, 0.0000)
            (  0.0000, 2.0000, -0.0000, 0.0000)
            (  0.0000, 0.0000,  2.0000, 0.0000)
            (-38.0000, 0.0000, 45.0000, 1.0000)>
MESH
Floor_Modular_Cube.103
<Matrix 4x4 ( -2.0000, 0.0000,  0.0000, 0.0000)
            (  0.0000, 2.0000, -0.0000, 0.0000)
            (  0.0000, 0.0000,  2.0000, 0.0000)
            (-42.0000, 0.0000, 45.0000, 1.0000)>
MESH
Floor_Modular_Cube.104
<Matrix 4x4 ( -2.0000, 0.0000,  0.0000, 0.0000)
            (  0.0000, 2.0000, -0.0000, 0.0000)
            (  0.0000, 0.0000,  2.0000, 0.0000)
            (-46.0000, 0.0000, 45.0000, 1.0000)>
MESH
Floor_Modular_Cube.105
<Matrix 4x4 ( -2.0000, 0.0000,  0.0000, 0.0000)
            (  0.0000, 2.0000, -0.0000, 0.0000)
            (  0.0000, 0.0000,  2.0000, 0.0000)
            (-30.0000, 0.0000, 49.0000, 1.0000)>
MESH
Floor_Modular_Cube.106
<Matrix 4x4 ( -2.0000, 0.0000,  0.0000, 0.0000)
            (  0.0000, 2.0000, -0.0000, 0.0000)
            (  0.0000, 0.0000,  2.0000, 0.0000)
            (-34.0000, 0.0000, 49.0000, 1.0000)>
MESH
Floor_Modular_Cube.107
<Matrix 4x4 ( -2.0000, 0.0000,  0.0000, 0.0000)
            (  0.0000, 2.0000, -0.0000, 0.0000)
            (  0.0000, 0.0000,  2.0000, 0.0000)
            (-38.0000, 0.0000, 49.0000, 1.0000)>
MESH
Floor_Modular_Cube.108
<Matrix 4x4 ( -2.0000, 0.0000,  0.0000, 0.0000)
            (  0.0000, 2.0000, -0.0000, 0.0000)
            (  0.0000, 0.0000,  2.0000, 0.0000)
            (-42.0000, 0.0000, 49.0000, 1.0000)>
MESH
Floor_Modular_Cube.109
<Matrix 4x4 ( -2.0000, 0.0000,  0.0000, 0.0000)
            (  0.0000, 2.0000, -0.0000, 0.0000)
            (  0.0000, 0.0000,  2.0000, 0.0000)
            (-46.0000, 0.0000, 49.0000, 1.0000)>
MESH
Floor_Modular_Cube.110
<Matrix 4x4 ( -2.0000, 0.0000,  0.0000, 0.0000)
            (  0.0000, 2.0000, -0.0000, 0.0000)
            (  0.0000, 0.0000,  2.0000, 0.0000)
            (-30.0000, 0.0000, 53.0000, 1.0000)>
MESH
Floor_Modular_Cube.111
<Matrix 4x4 ( -2.0000, 0.0000,  0.0000, 0.0000)
            (  0.0000, 2.0000, -0.0000, 0.0000)
            (  0.0000, 0.0000,  2.0000, 0.0000)
            (-34.0000, 0.0000, 53.0000, 1.0000)>
MESH
Floor_Modular_Cube.112
<Matrix 4x4 ( -2.0000, 0.0000,  0.0000, 0.0000)
            (  0.0000, 2.0000, -0.0000, 0.0000)
            (  0.0000, 0.0000,  2.0000, 0.0000)
            (-38.0000, 0.0000, 53.0000, 1.0000)>
MESH
Floor_Modular_Cube.113
<Matrix 4x4 ( -2.0000, 0.0000,  0.0000, 0.0000)
            (  0.0000, 2.0000, -0.0000, 0.0000)
            (  0.0000, 0.0000,  2.0000, 0.0000)
            (-42.0000, 0.0000, 53.0000, 1.0000)>
MESH
Floor_Modular_Cube.114
<Matrix 4x4 ( -2.0000, 0.0000,  0.0000, 0.0000)
            (  0.0000, 2.0000, -0.0000, 0.0000)
            (  0.0000, 0.0000,  2.0000, 0.0000)
            (-46.0000, 0.0000, 53.0000, 1.0000)>
MESH
Floor_Modular_Cube.115
<Matrix 4x4 ( -2.0000, 0.0000,  0.0000, 0.0000)
            (  0.0000, 2.0000, -0.0000, 0.0000)
            (  0.0000, 0.0000,  2.0000, 0.0000)
            (-30.0000, 0.0000, 57.0000, 1.0000)>
MESH
Floor_Modular_Cube.116
<Matrix 4x4 ( -2.0000, 0.0000,  0.0000, 0.0000)
            (  0.0000, 2.0000, -0.0000, 0.0000)
            (  0.0000, 0.0000,  2.0000, 0.0000)
            (-34.0000, 0.0000, 57.0000, 1.0000)>
MESH
Floor_Modular_Cube.117
<Matrix 4x4 ( -2.0000, 0.0000,  0.0000, 0.0000)
            (  0.0000, 2.0000, -0.0000, 0.0000)
            (  0.0000, 0.0000,  2.0000, 0.0000)
            (-38.0000, 0.0000, 57.0000, 1.0000)>
MESH
Floor_Modular_Cube.118
<Matrix 4x4 ( -2.0000, 0.0000,  0.0000, 0.0000)
            (  0.0000, 2.0000, -0.0000, 0.0000)
            (  0.0000, 0.0000,  2.0000, 0.0000)
            (-42.0000, 0.0000, 57.0000, 1.0000)>
MESH
Floor_Modular_Cube.119
<Matrix 4x4 ( -2.0000, 0.0000,  0.0000, 0.0000)
            (  0.0000, 2.0000, -0.0000, 0.0000)
            (  0.0000, 0.0000,  2.0000, 0.0000)
            (-46.0000, 0.0000, 57.0000, 1.0000)>
MESH
Floor_Modular_Cube.120
<Matrix 4x4 ( -2.0000, 0.0000,  0.0000, 0.0000)
            (  0.0000, 2.0000, -0.0000, 0.0000)
            (  0.0000, 0.0000,  2.0000, 0.0000)
            (-30.0000, 0.0000, 61.0000, 1.0000)>
MESH
Floor_Modular_Cube.121
<Matrix 4x4 ( -2.0000, 0.0000,  0.0000, 0.0000)
            (  0.0000, 2.0000, -0.0000, 0.0000)
            (  0.0000, 0.0000,  2.0000, 0.0000)
            (-34.0000, 0.0000, 61.0000, 1.0000)>
MESH
Floor_Modular_Cube.122
<Matrix 4x4 ( -2.0000, 0.0000,  0.0000, 0.0000)
            (  0.0000, 2.0000, -0.0000, 0.0000)
            (  0.0000, 0.0000,  2.0000, 0.0000)
            (-38.0000, 0.0000, 61.0000, 1.0000)>
MESH
Floor_Modular_Cube.123
<Matrix 4x4 ( -2.0000, 0.0000,  0.0000, 0.0000)
            (  0.0000, 2.0000, -0.0000, 0.0000)
            (  0.0000, 0.0000,  2.0000, 0.0000)
            (-42.0000, 0.0000, 61.0000, 1.0000)>
MESH
Floor_Modular_Cube.124
<Matrix 4x4 ( -2.0000, 0.0000,  0.0000, 0.0000)
            (  0.0000, 2.0000, -0.0000, 0.0000)
            (  0.0000, 0.0000,  2.0000, 0.0000)
            (-46.0000, 0.0000, 61.0000, 1.0000)>
MESH
Floor_Modular_Cube.125
<Matrix 4x4 ( -2.0000, 0.0000,  0.0000, 0.0000)
            (  0.0000, 2.0000, -0.0000, 0.0000)
            (  0.0000, 0.0000,  2.0000, 0.0000)
            (-30.0000, 0.0000, 65.0000, 1.0000)>
MESH
Floor_Modular_Cube.126
<Matrix 4x4 ( -2.0000, 0.0000,  0.0000, 0.0000)
            (  0.0000, 2.0000, -0.0000, 0.0000)
            (  0.0000, 0.0000,  2.0000, 0.0000)
            (-34.0000, 0.0000, 65.0000, 1.0000)>
MESH
Floor_Modular_Cube.127
<Matrix 4x4 ( -2.0000, 0.0000,  0.0000, 0.0000)
            (  0.0000, 2.0000, -0.0000, 0.0000)
            (  0.0000, 0.0000,  2.0000, 0.0000)
            (-38.0000, 0.0000, 65.0000, 1.0000)>
MESH
Floor_Modular_Cube.128
<Matrix 4x4 ( -2.0000, 0.0000,  0.0000, 0.0000)
            (  0.0000, 2.0000, -0.0000, 0.0000)
            (  0.0000, 0.0000,  2.0000, 0.0000)
            (-42.0000, 0.0000, 65.0000, 1.0000)>
MESH
Floor_Modular_Cube.129
<Matrix 4x4 ( -2.0000, 0.0000,  0.0000, 0.0000)
            (  0.0000, 2.0000, -0.0000, 0.0000)
            (  0.0000, 0.0000,  2.0000, 0.0000)
            (-46.0000, 0.0000, 65.0000, 1.0000)>
MESH
Floor_Modular_Cube.130
<Matrix 4x4 ( -2.0000, 0.0000,  0.0000, 0.0000)
            (  0.0000, 2.0000, -0.0000, 0.0000)
            (  0.0000, 0.0000,  2.0000, 0.0000)
            (-58.0000, 0.0000, 49.0000, 1.0000)>
MESH
Floor_Modular_Cube.131
<Matrix 4x4 ( -2.0000, 0.0000,  0.0000, 0.0000)
            (  0.0000, 2.0000, -0.0000, 0.0000)
            (  0.0000, 0.0000,  2.0000, 0.0000)
            (-62.0000, 0.0000, 49.0000, 1.0000)>
MESH
Floor_Modular_Cube.132
<Matrix 4x4 ( -2.0000, 0.0000,  0.0000, 0.0000)
            (  0.0000, 2.0000, -0.0000, 0.0000)
            (  0.0000, 0.0000,  2.0000, 0.0000)
            (-66.0000, 0.0000, 49.0000, 1.0000)>
MESH
Floor_Modular_Cube.133
<Matrix 4x4 ( -2.0000, 0.0000,  0.0000, 0.0000)
            (  0.0000, 2.0000, -0.0000, 0.0000)
            (  0.0000, 0.0000,  2.0000, 0.0000)
            (-70.0000, 0.0000, 49.0000, 1.0000)>
MESH
Floor_Modular_Cube.134
<Matrix 4x4 ( -2.0000, 0.0000,  0.0000, 0.0000)
            (  0.0000, 2.0000, -0.0000, 0.0000)
            (  0.0000, 0.0000,  2.0000, 0.0000)
            (-74.0000, 0.0000, 49.0000, 1.0000)>
MESH
Floor_Modular_Cube.135
<Matrix 4x4 ( -2.0000, 0.0000,  0.0000, 0.0000)
            (  0.0000, 2.0000, -0.0000, 0.0000)
            (  0.0000, 0.0000,  2.0000, 0.0000)
            (-58.0000, 0.0000, 53.0000, 1.0000)>
MESH
Floor_Modular_Cube.136
<Matrix 4x4 ( -2.0000, 0.0000,  0.0000, 0.0000)
            (  0.0000, 2.0000, -0.0000, 0.0000)
            (  0.0000, 0.0000,  2.0000, 0.0000)
            (-62.0000, 0.0000, 53.0000, 1.0000)>
MESH
Floor_Modular_Cube.137
<Matrix 4x4 ( -2.0000, 0.0000,  0.0000, 0.0000)
            (  0.0000, 2.0000, -0.0000, 0.0000)
            (  0.0000, 0.0000,  2.0000, 0.0000)
            (-66.0000, 0.0000, 53.0000, 1.0000)>
MESH
Floor_Modular_Cube.138
<Matrix 4x4 ( -2.0000, 0.0000,  0.0000, 0.0000)
            (  0.0000, 2.0000, -0.0000, 0.0000)
            (  0.0000, 0.0000,  2.0000, 0.0000)
            (-70.0000, 0.0000, 53.0000, 1.0000)>
MESH
Floor_Modular_Cube.139
<Matrix 4x4 ( -2.0000, 0.0000,  0.0000, 0.0000)
            (  0.0000, 2.0000, -0.0000, 0.0000)
            (  0.0000, 0.0000,  2.0000, 0.0000)
            (-74.0000, 0.0000, 53.0000, 1.0000)>
MESH
Floor_Modular_Cube.140
<Matrix 4x4 ( -2.0000, 0.0000,  0.0000, 0.0000)
            (  0.0000, 2.0000, -0.0000, 0.0000)
            (  0.0000, 0.0000,  2.0000, 0.0000)
            (-58.0000, 0.0000, 57.0000, 1.0000)>
MESH
Floor_Modular_Cube.141
<Matrix 4x4 ( -2.0000, 0.0000,  0.0000, 0.0000)
            (  0.0000, 2.0000, -0.0000, 0.0000)
            (  0.0000, 0.0000,  2.0000, 0.0000)
            (-62.0000, 0.0000, 57.0000, 1.0000)>
MESH
Floor_Modular_Cube.142
<Matrix 4x4 ( -2.0000, 0.0000,  0.0000, 0.0000)
            (  0.0000, 2.0000, -0.0000, 0.0000)
            (  0.0000, 0.0000,  2.0000, 0.0000)
            (-66.0000, 0.0000, 57.0000, 1.0000)>
MESH
Floor_Modular_Cube.143
<Matrix 4x4 ( -2.0000, 0.0000,  0.0000, 0.0000)
            (  0.0000, 2.0000, -0.0000, 0.0000)
            (  0.0000, 0.0000,  2.0000, 0.0000)
            (-70.0000, 0.0000, 57.0000, 1.0000)>
MESH
Floor_Modular_Cube.144
<Matrix 4x4 ( -2.0000, 0.0000,  0.0000, 0.0000)
            (  0.0000, 2.0000, -0.0000, 0.0000)
            (  0.0000, 0.0000,  2.0000, 0.0000)
            (-74.0000, 0.0000, 57.0000, 1.0000)>
MESH
Floor_Modular_Cube.145
<Matrix 4x4 ( -2.0000, 0.0000,  0.0000, 0.0000)
            (  0.0000, 2.0000, -0.0000, 0.0000)
            (  0.0000, 0.0000,  2.0000, 0.0000)
            (-58.0000, 0.0000, 61.0000, 1.0000)>
MESH
Floor_Modular_Cube.146
<Matrix 4x4 ( -2.0000, 0.0000,  0.0000, 0.0000)
            (  0.0000, 2.0000, -0.0000, 0.0000)
            (  0.0000, 0.0000,  2.0000, 0.0000)
            (-62.0000, 0.0000, 61.0000, 1.0000)>
MESH
Floor_Modular_Cube.147
<Matrix 4x4 ( -2.0000, 0.0000,  0.0000, 0.0000)
            (  0.0000, 2.0000, -0.0000, 0.0000)
            (  0.0000, 0.0000,  2.0000, 0.0000)
            (-66.0000, 0.0000, 61.0000, 1.0000)>
MESH
Floor_Modular_Cube.148
<Matrix 4x4 ( -2.0000, 0.0000,  0.0000, 0.0000)
            (  0.0000, 2.0000, -0.0000, 0.0000)
            (  0.0000, 0.0000,  2.0000, 0.0000)
            (-70.0000, 0.0000, 61.0000, 1.0000)>
MESH
Floor_Modular_Cube.149
<Matrix 4x4 ( -2.0000, 0.0000,  0.0000, 0.0000)
            (  0.0000, 2.0000, -0.0000, 0.0000)
            (  0.0000, 0.0000,  2.0000, 0.0000)
            (-74.0000, 0.0000, 61.0000, 1.0000)>
MESH
Floor_Modular_Cube.150
<Matrix 4x4 ( -2.0000, 0.0000,  0.0000, 0.0000)
            (  0.0000, 2.0000, -0.0000, 0.0000)
            (  0.0000, 0.0000,  2.0000, 0.0000)
            (-58.0000, 0.0000, 65.0000, 1.0000)>
MESH
Floor_Modular_Cube.151
<Matrix 4x4 ( -2.0000, 0.0000,  0.0000, 0.0000)
            (  0.0000, 2.0000, -0.0000, 0.0000)
            (  0.0000, 0.0000,  2.0000, 0.0000)
            (-62.0000, 0.0000, 65.0000, 1.0000)>
MESH
Floor_Modular_Cube.152
<Matrix 4x4 ( -2.0000, 0.0000,  0.0000, 0.0000)
            (  0.0000, 2.0000, -0.0000, 0.0000)
            (  0.0000, 0.0000,  2.0000, 0.0000)
            (-66.0000, 0.0000, 65.0000, 1.0000)>
MESH
Floor_Modular_Cube.153
<Matrix 4x4 ( -2.0000, 0.0000,  0.0000, 0.0000)
            (  0.0000, 2.0000, -0.0000, 0.0000)
            (  0.0000, 0.0000,  2.0000, 0.0000)
            (-70.0000, 0.0000, 65.0000, 1.0000)>
MESH
Floor_Modular_Cube.154
<Matrix 4x4 ( -2.0000, 0.0000,  0.0000, 0.0000)
            (  0.0000, 2.0000, -0.0000, 0.0000)
            (  0.0000, 0.0000,  2.0000, 0.0000)
            (-74.0000, 0.0000, 65.0000, 1.0000)>
MESH
Floor_Modular_Cube.155
<Matrix 4x4 ( -2.0000, 0.0000,  0.0000, 0.0000)
            (  0.0000, 2.0000, -0.0000, 0.0000)
            (  0.0000, 0.0000,  2.0000, 0.0000)
            (-38.0000, 0.0000, 21.0000, 1.0000)>
MESH
Floor_Modular_Cube.156
<Matrix 4x4 ( -2.0000, 0.0000,  0.0000, 0.0000)
            (  0.0000, 2.0000, -0.0000, 0.0000)
            (  0.0000, 0.0000,  2.0000, 0.0000)
            (-38.0000, 0.0000, 25.0000, 1.0000)>
MESH
Floor_Modular_Cube.157
<Matrix 4x4 ( -2.0000, 0.0000,  0.0000, 0.0000)
            (  0.0000, 2.0000, -0.0000, 0.0000)
            (  0.0000, 0.0000,  2.0000, 0.0000)
            (-54.0000, 0.0000, 57.0000, 1.0000)>
MESH
Floor_Modular_Cube.158
<Matrix 4x4 ( -2.0000, 0.0000,  0.0000, 0.0000)
            (  0.0000, 2.0000, -0.0000, 0.0000)
            (  0.0000, 0.0000,  2.0000, 0.0000)
            (-50.0000, 0.0000, 57.0000, 1.0000)>
