# Game Level Exporter v1.3
MESH
Floor_Modular
<Matrix 4x4 (-1.0000, 0.0000,  0.0000, 0.0000)
            ( 0.0000, 1.0000, -0.0000, 0.0000)
            ( 0.0000, 0.0000,  1.0000, 0.0000)
            ( 1.1092, 0.1037, -8.8325, 1.0000)>
MESH
Chest_Gold
<Matrix 4x4 ( 1.2374, 0.0000,  0.5924, 0.0000)
            (-0.0000, 1.3719,  0.0000, 0.0000)
            ( 0.5924, 0.0000, -1.2374, 0.0000)
            (-8.7193, 0.1037,  6.3511, 1.0000)>
MESH
Floor_Modular.001
<Matrix 4x4 (-1.0000, 0.0000,  0.0000, 0.0000)
            ( 0.0000, 1.0000, -0.0000, 0.0000)
            ( 0.0000, 0.0000,  1.0000, 0.0000)
            (-0.8908, 0.1037, -8.8325, 1.0000)>
MESH
Floor_Modular.002
<Matrix 4x4 (-1.0000, 0.0000,  0.0000, 0.0000)
            ( 0.0000, 1.0000, -0.0000, 0.0000)
            ( 0.0000, 0.0000,  1.0000, 0.0000)
            (-2.8908, 0.0785, -8.8325, 1.0000)>
MESH
Floor_Modular.003
<Matrix 4x4 (-1.0000, 0.0000,  0.0000, 0.0000)
            ( 0.0000, 1.0000, -0.0000, 0.0000)
            ( 0.0000, 0.0000,  1.0000, 0.0000)
            (-4.8908, 0.1037, -8.8325, 1.0000)>
MESH
Floor_Modular.004
<Matrix 4x4 (-1.0000, 0.0000,  0.0000, 0.0000)
            ( 0.0000, 1.0000, -0.0000, 0.0000)
            ( 0.0000, 0.0000,  1.0000, 0.0000)
            (-6.8908, 0.1037, -8.8325, 1.0000)>
MESH
Floor_Modular.005
<Matrix 4x4 (-1.0000, 0.0000,  0.0000, 0.0000)
            ( 0.0000, 1.0000, -0.0000, 0.0000)
            ( 0.0000, 0.0000,  1.0000, 0.0000)
            (-8.8908, 0.1037, -8.8325, 1.0000)>
MESH
Floor_Modular.008
<Matrix 4x4 (-1.0000, 0.0000,  0.0000, 0.0000)
            ( 0.0000, 1.0000, -0.0000, 0.0000)
            ( 0.0000, 0.0000,  1.0000, 0.0000)
            ( 3.1092, 0.1037, -8.8325, 1.0000)>
MESH
Floor_Modular.009
<Matrix 4x4 (-1.0000, 0.0000,  0.0000, 0.0000)
            ( 0.0000, 1.0000, -0.0000, 0.0000)
            ( 0.0000, 0.0000,  1.0000, 0.0000)
            ( 5.1092, 0.1037, -8.8325, 1.0000)>
MESH
Floor_Modular.010
<Matrix 4x4 (-1.0000, 0.0000,  0.0000, 0.0000)
            ( 0.0000, 1.0000, -0.0000, 0.0000)
            ( 0.0000, 0.0000,  1.0000, 0.0000)
            ( 7.1092, 0.1037, -8.8325, 1.0000)>
MESH
Floor_Modular.011
<Matrix 4x4 (-1.0000, 0.0000,  0.0000, 0.0000)
            ( 0.0000, 1.0000, -0.0000, 0.0000)
            ( 0.0000, 0.0000,  1.0000, 0.0000)
            ( 9.1092, 0.1037, -8.8325, 1.0000)>
MESH
Floor_Modular.012
<Matrix 4x4 (-1.0000, 0.0000,  0.0000, 0.0000)
            ( 0.0000, 1.0000, -0.0000, 0.0000)
            ( 0.0000, 0.0000,  1.0000, 0.0000)
            (11.1092, 0.1037, -8.8325, 1.0000)>
MESH
Floor_Modular.015
<Matrix 4x4 (-1.0000, 0.0000,  0.0000, 0.0000)
            ( 0.0000, 1.0000, -0.0000, 0.0000)
            ( 0.0000, 0.0000,  1.0000, 0.0000)
            ( 1.1092, 0.1037, -6.8325, 1.0000)>
MESH
Floor_Modular.016
<Matrix 4x4 (-1.0000, 0.0000,  0.0000, 0.0000)
            ( 0.0000, 1.0000, -0.0000, 0.0000)
            ( 0.0000, 0.0000,  1.0000, 0.0000)
            (-0.8908, 0.1037, -6.8325, 1.0000)>
MESH
Floor_Modular.017
<Matrix 4x4 (-1.0000, 0.0000,  0.0000, 0.0000)
            ( 0.0000, 1.0000, -0.0000, 0.0000)
            ( 0.0000, 0.0000,  1.0000, 0.0000)
            (-2.8908, 0.0785, -6.8325, 1.0000)>
MESH
Floor_Modular.018
<Matrix 4x4 (-1.0000, 0.0000,  0.0000, 0.0000)
            ( 0.0000, 1.0000, -0.0000, 0.0000)
            ( 0.0000, 0.0000,  1.0000, 0.0000)
            (-4.8908, 0.1037, -6.8325, 1.0000)>
MESH
Floor_Modular.019
<Matrix 4x4 (-1.0000, 0.0000,  0.0000, 0.0000)
            ( 0.0000, 1.0000, -0.0000, 0.0000)
            ( 0.0000, 0.0000,  1.0000, 0.0000)
            (-6.8908, 0.1037, -6.8325, 1.0000)>
MESH
Floor_Modular.020
<Matrix 4x4 (-1.0000, 0.0000,  0.0000, 0.0000)
            ( 0.0000, 1.0000, -0.0000, 0.0000)
            ( 0.0000, 0.0000,  1.0000, 0.0000)
            (-8.8908, 0.1037, -6.8325, 1.0000)>
MESH
Floor_Modular.023
<Matrix 4x4 (-1.0000, 0.0000,  0.0000, 0.0000)
            ( 0.0000, 1.0000, -0.0000, 0.0000)
            ( 0.0000, 0.0000,  1.0000, 0.0000)
            ( 3.1092, 0.1037, -6.8325, 1.0000)>
MESH
Floor_Modular.024
<Matrix 4x4 (-1.0000, 0.0000,  0.0000, 0.0000)
            ( 0.0000, 1.0000, -0.0000, 0.0000)
            ( 0.0000, 0.0000,  1.0000, 0.0000)
            ( 5.1092, 0.1037, -6.8325, 1.0000)>
MESH
Floor_Modular.025
<Matrix 4x4 (-1.0000, 0.0000,  0.0000, 0.0000)
            ( 0.0000, 1.0000, -0.0000, 0.0000)
            ( 0.0000, 0.0000,  1.0000, 0.0000)
            ( 7.1092, 0.1037, -6.8325, 1.0000)>
MESH
Floor_Modular.026
<Matrix 4x4 (-1.0000, 0.0000,  0.0000, 0.0000)
            ( 0.0000, 1.0000, -0.0000, 0.0000)
            ( 0.0000, 0.0000,  1.0000, 0.0000)
            ( 9.1092, 0.1037, -6.8325, 1.0000)>
MESH
Floor_Modular.027
<Matrix 4x4 (-1.0000, 0.0000,  0.0000, 0.0000)
            ( 0.0000, 1.0000, -0.0000, 0.0000)
            ( 0.0000, 0.0000,  1.0000, 0.0000)
            (11.1092, 0.1037, -6.8325, 1.0000)>
MESH
Floor_Modular.030
<Matrix 4x4 (-1.0000, 0.0000,  0.0000, 0.0000)
            ( 0.0000, 1.0000, -0.0000, 0.0000)
            ( 0.0000, 0.0000,  1.0000, 0.0000)
            ( 1.1092, 0.1037, -4.8477, 1.0000)>
MESH
Floor_Modular.031
<Matrix 4x4 (-1.0000, 0.0000,  0.0000, 0.0000)
            ( 0.0000, 1.0000, -0.0000, 0.0000)
            ( 0.0000, 0.0000,  1.0000, 0.0000)
            (-0.8908, 0.1037, -4.8477, 1.0000)>
MESH
Floor_Modular.032
<Matrix 4x4 (-1.0000, 0.0000,  0.0000, 0.0000)
            ( 0.0000, 1.0000, -0.0000, 0.0000)
            ( 0.0000, 0.0000,  1.0000, 0.0000)
            (-2.8908, 0.0785, -4.8477, 1.0000)>
MESH
Floor_Modular.033
<Matrix 4x4 (-1.0000, 0.0000,  0.0000, 0.0000)
            ( 0.0000, 1.0000, -0.0000, 0.0000)
            ( 0.0000, 0.0000,  1.0000, 0.0000)
            (-4.8908, 0.1037, -4.8477, 1.0000)>
MESH
Floor_Modular.034
<Matrix 4x4 (-1.0000, 0.0000,  0.0000, 0.0000)
            ( 0.0000, 1.0000, -0.0000, 0.0000)
            ( 0.0000, 0.0000,  1.0000, 0.0000)
            (-6.8908, 0.1037, -4.8477, 1.0000)>
MESH
Floor_Modular.035
<Matrix 4x4 (-1.0000, 0.0000,  0.0000, 0.0000)
            ( 0.0000, 1.0000, -0.0000, 0.0000)
            ( 0.0000, 0.0000,  1.0000, 0.0000)
            (-8.8908, 0.1037, -4.8477, 1.0000)>
MESH
Floor_Modular.038
<Matrix 4x4 (-1.0000, 0.0000,  0.0000, 0.0000)
            ( 0.0000, 1.0000, -0.0000, 0.0000)
            ( 0.0000, 0.0000,  1.0000, 0.0000)
            ( 3.1092, 0.1037, -4.8477, 1.0000)>
MESH
Floor_Modular.039
<Matrix 4x4 (-1.0000, 0.0000,  0.0000, 0.0000)
            ( 0.0000, 1.0000, -0.0000, 0.0000)
            ( 0.0000, 0.0000,  1.0000, 0.0000)
            ( 5.1092, 0.1037, -4.8477, 1.0000)>
MESH
Floor_Modular.040
<Matrix 4x4 (-1.0000, 0.0000,  0.0000, 0.0000)
            ( 0.0000, 1.0000, -0.0000, 0.0000)
            ( 0.0000, 0.0000,  1.0000, 0.0000)
            ( 7.1092, 0.1037, -4.8477, 1.0000)>
MESH
Floor_Modular.041
<Matrix 4x4 (-1.0000, 0.0000,  0.0000, 0.0000)
            ( 0.0000, 1.0000, -0.0000, 0.0000)
            ( 0.0000, 0.0000,  1.0000, 0.0000)
            ( 9.1092, 0.1037, -4.8477, 1.0000)>
MESH
Floor_Modular.042
<Matrix 4x4 (-1.0000, 0.0000,  0.0000, 0.0000)
            ( 0.0000, 1.0000, -0.0000, 0.0000)
            ( 0.0000, 0.0000,  1.0000, 0.0000)
            (11.1092, 0.1037, -4.8477, 1.0000)>
MESH
Floor_Modular.045
<Matrix 4x4 (-1.0000, 0.0000,  0.0000, 0.0000)
            ( 0.0000, 1.0000, -0.0000, 0.0000)
            ( 0.0000, 0.0000,  1.0000, 0.0000)
            ( 1.1092, 0.1037, -2.8447, 1.0000)>
MESH
Floor_Modular.046
<Matrix 4x4 (-1.0000, 0.0000,  0.0000, 0.0000)
            ( 0.0000, 1.0000, -0.0000, 0.0000)
            ( 0.0000, 0.0000,  1.0000, 0.0000)
            (-0.8908, 0.1037, -2.8447, 1.0000)>
MESH
Floor_Modular.047
<Matrix 4x4 (-1.0000, 0.0000,  0.0000, 0.0000)
            ( 0.0000, 1.0000, -0.0000, 0.0000)
            ( 0.0000, 0.0000,  1.0000, 0.0000)
            (-2.8908, 0.0785, -2.8447, 1.0000)>
MESH
Floor_Modular.048
<Matrix 4x4 (-1.0000, 0.0000,  0.0000, 0.0000)
            ( 0.0000, 1.0000, -0.0000, 0.0000)
            ( 0.0000, 0.0000,  1.0000, 0.0000)
            (-4.8908, 0.1037, -2.8447, 1.0000)>
MESH
Floor_Modular.049
<Matrix 4x4 (-1.0000, 0.0000,  0.0000, 0.0000)
            ( 0.0000, 1.0000, -0.0000, 0.0000)
            ( 0.0000, 0.0000,  1.0000, 0.0000)
            (-6.8908, 0.1037, -2.8447, 1.0000)>
MESH
Floor_Modular.050
<Matrix 4x4 (-1.0000, 0.0000,  0.0000, 0.0000)
            ( 0.0000, 1.0000, -0.0000, 0.0000)
            ( 0.0000, 0.0000,  1.0000, 0.0000)
            (-8.8908, 0.1037, -2.8447, 1.0000)>
MESH
Floor_Modular.053
<Matrix 4x4 (-1.0000, 0.0000,  0.0000, 0.0000)
            ( 0.0000, 1.0000, -0.0000, 0.0000)
            ( 0.0000, 0.0000,  1.0000, 0.0000)
            ( 3.1092, 0.1037, -2.8447, 1.0000)>
MESH
Floor_Modular.054
<Matrix 4x4 (-1.0000, 0.0000,  0.0000, 0.0000)
            ( 0.0000, 1.0000, -0.0000, 0.0000)
            ( 0.0000, 0.0000,  1.0000, 0.0000)
            ( 5.1092, 0.1037, -2.8447, 1.0000)>
MESH
Floor_Modular.055
<Matrix 4x4 (-1.0000, 0.0000,  0.0000, 0.0000)
            ( 0.0000, 1.0000, -0.0000, 0.0000)
            ( 0.0000, 0.0000,  1.0000, 0.0000)
            ( 7.1092, 0.1037, -2.8447, 1.0000)>
MESH
Floor_Modular.056
<Matrix 4x4 (-1.0000, 0.0000,  0.0000, 0.0000)
            ( 0.0000, 1.0000, -0.0000, 0.0000)
            ( 0.0000, 0.0000,  1.0000, 0.0000)
            ( 9.1092, 0.1037, -2.8447, 1.0000)>
MESH
Floor_Modular.057
<Matrix 4x4 (-1.0000, 0.0000,  0.0000, 0.0000)
            ( 0.0000, 1.0000, -0.0000, 0.0000)
            ( 0.0000, 0.0000,  1.0000, 0.0000)
            (11.1092, 0.1037, -2.8447, 1.0000)>
MESH
Floor_Modular.060
<Matrix 4x4 (-1.0000, 0.0000,  0.0000, 0.0000)
            ( 0.0000, 1.0000, -0.0000, 0.0000)
            ( 0.0000, 0.0000,  1.0000, 0.0000)
            ( 1.1092, 0.1037, -0.8445, 1.0000)>
MESH
Floor_Modular.061
<Matrix 4x4 (-1.0000, 0.0000,  0.0000, 0.0000)
            ( 0.0000, 1.0000, -0.0000, 0.0000)
            ( 0.0000, 0.0000,  1.0000, 0.0000)
            (-0.8908, 0.1037, -0.8445, 1.0000)>
MESH
Floor_Modular.062
<Matrix 4x4 (-1.0000, 0.0000,  0.0000, 0.0000)
            ( 0.0000, 1.0000, -0.0000, 0.0000)
            ( 0.0000, 0.0000,  1.0000, 0.0000)
            (-2.8908, 0.0785, -0.8445, 1.0000)>
MESH
Floor_Modular.063
<Matrix 4x4 (-1.0000, 0.0000,  0.0000, 0.0000)
            ( 0.0000, 1.0000, -0.0000, 0.0000)
            ( 0.0000, 0.0000,  1.0000, 0.0000)
            (-4.8908, 0.1037, -0.8445, 1.0000)>
MESH
Floor_Modular.064
<Matrix 4x4 (-1.0000, 0.0000,  0.0000, 0.0000)
            ( 0.0000, 1.0000, -0.0000, 0.0000)
            ( 0.0000, 0.0000,  1.0000, 0.0000)
            (-6.8908, 0.1037, -0.8445, 1.0000)>
MESH
Floor_Modular.065
<Matrix 4x4 (-1.0000, 0.0000,  0.0000, 0.0000)
            ( 0.0000, 1.0000, -0.0000, 0.0000)
            ( 0.0000, 0.0000,  1.0000, 0.0000)
            (-8.8908, 0.1037, -0.8445, 1.0000)>
MESH
Floor_Modular.068
<Matrix 4x4 (-1.0000, 0.0000,  0.0000, 0.0000)
            ( 0.0000, 1.0000, -0.0000, 0.0000)
            ( 0.0000, 0.0000,  1.0000, 0.0000)
            ( 3.1092, 0.1037, -0.8445, 1.0000)>
MESH
Floor_Modular.069
<Matrix 4x4 (-1.0000, 0.0000,  0.0000, 0.0000)
            ( 0.0000, 1.0000, -0.0000, 0.0000)
            ( 0.0000, 0.0000,  1.0000, 0.0000)
            ( 5.1092, 0.1037, -0.8445, 1.0000)>
MESH
Floor_Modular.070
<Matrix 4x4 (-1.0000, 0.0000,  0.0000, 0.0000)
            ( 0.0000, 1.0000, -0.0000, 0.0000)
            ( 0.0000, 0.0000,  1.0000, 0.0000)
            ( 7.1092, 0.1037, -0.8445, 1.0000)>
MESH
Floor_Modular.071
<Matrix 4x4 (-1.0000, 0.0000,  0.0000, 0.0000)
            ( 0.0000, 1.0000, -0.0000, 0.0000)
            ( 0.0000, 0.0000,  1.0000, 0.0000)
            ( 9.1092, 0.1037, -0.8445, 1.0000)>
MESH
Floor_Modular.072
<Matrix 4x4 (-1.0000, 0.0000,  0.0000, 0.0000)
            ( 0.0000, 1.0000, -0.0000, 0.0000)
            ( 0.0000, 0.0000,  1.0000, 0.0000)
            (11.1092, 0.1037, -0.8445, 1.0000)>
MESH
Floor_Modular.075
<Matrix 4x4 (-1.0000, 0.0000,  0.0000, 0.0000)
            ( 0.0000, 1.0000, -0.0000, 0.0000)
            ( 0.0000, 0.0000,  1.0000, 0.0000)
            ( 1.1092, 0.1037,  1.1555, 1.0000)>
MESH
Floor_Modular.076
<Matrix 4x4 (-1.0000, 0.0000,  0.0000, 0.0000)
            ( 0.0000, 1.0000, -0.0000, 0.0000)
            ( 0.0000, 0.0000,  1.0000, 0.0000)
            (-0.8908, 0.1037,  1.1555, 1.0000)>
MESH
Floor_Modular.077
<Matrix 4x4 (-1.0000, 0.0000,  0.0000, 0.0000)
            ( 0.0000, 1.0000, -0.0000, 0.0000)
            ( 0.0000, 0.0000,  1.0000, 0.0000)
            (-2.8908, 0.0785,  1.1555, 1.0000)>
MESH
Floor_Modular.078
<Matrix 4x4 (-1.0000, 0.0000,  0.0000, 0.0000)
            ( 0.0000, 1.0000, -0.0000, 0.0000)
            ( 0.0000, 0.0000,  1.0000, 0.0000)
            (-4.8908, 0.1037,  1.1555, 1.0000)>
MESH
Floor_Modular.079
<Matrix 4x4 (-1.0000, 0.0000,  0.0000, 0.0000)
            ( 0.0000, 1.0000, -0.0000, 0.0000)
            ( 0.0000, 0.0000,  1.0000, 0.0000)
            (-6.8908, 0.1037,  1.1555, 1.0000)>
MESH
Floor_Modular.080
<Matrix 4x4 (-1.0000, 0.0000,  0.0000, 0.0000)
            ( 0.0000, 1.0000, -0.0000, 0.0000)
            ( 0.0000, 0.0000,  1.0000, 0.0000)
            (-8.8908, 0.1037,  1.1555, 1.0000)>
MESH
Floor_Modular.083
<Matrix 4x4 (-1.0000, 0.0000,  0.0000, 0.0000)
            ( 0.0000, 1.0000, -0.0000, 0.0000)
            ( 0.0000, 0.0000,  1.0000, 0.0000)
            ( 3.1092, 0.1037,  1.1555, 1.0000)>
MESH
Floor_Modular.084
<Matrix 4x4 (-1.0000, 0.0000,  0.0000, 0.0000)
            ( 0.0000, 1.0000, -0.0000, 0.0000)
            ( 0.0000, 0.0000,  1.0000, 0.0000)
            ( 5.1092, 0.1037,  1.1555, 1.0000)>
MESH
Floor_Modular.085
<Matrix 4x4 (-1.0000, 0.0000,  0.0000, 0.0000)
            ( 0.0000, 1.0000, -0.0000, 0.0000)
            ( 0.0000, 0.0000,  1.0000, 0.0000)
            ( 7.1092, 0.1037,  1.1555, 1.0000)>
MESH
Floor_Modular.086
<Matrix 4x4 (-1.0000, 0.0000,  0.0000, 0.0000)
            ( 0.0000, 1.0000, -0.0000, 0.0000)
            ( 0.0000, 0.0000,  1.0000, 0.0000)
            ( 9.1092, 0.1037,  1.1555, 1.0000)>
MESH
Floor_Modular.087
<Matrix 4x4 (-1.0000, 0.0000,  0.0000, 0.0000)
            ( 0.0000, 1.0000, -0.0000, 0.0000)
            ( 0.0000, 0.0000,  1.0000, 0.0000)
            (11.1092, 0.1037,  1.1555, 1.0000)>
MESH
Floor_Modular.090
<Matrix 4x4 (-1.0000, 0.0000,  0.0000, 0.0000)
            ( 0.0000, 1.0000, -0.0000, 0.0000)
            ( 0.0000, 0.0000,  1.0000, 0.0000)
            ( 1.1092, 0.1037,  3.1403, 1.0000)>
MESH
Floor_Modular.091
<Matrix 4x4 (-1.0000, 0.0000,  0.0000, 0.0000)
            ( 0.0000, 1.0000, -0.0000, 0.0000)
            ( 0.0000, 0.0000,  1.0000, 0.0000)
            (-0.8908, 0.1037,  3.1403, 1.0000)>
MESH
Floor_Modular.092
<Matrix 4x4 (-1.0000, 0.0000,  0.0000, 0.0000)
            ( 0.0000, 1.0000, -0.0000, 0.0000)
            ( 0.0000, 0.0000,  1.0000, 0.0000)
            (-2.8908, 0.0785,  3.1403, 1.0000)>
MESH
Floor_Modular.093
<Matrix 4x4 (-1.0000, 0.0000,  0.0000, 0.0000)
            ( 0.0000, 1.0000, -0.0000, 0.0000)
            ( 0.0000, 0.0000,  1.0000, 0.0000)
            (-4.8908, 0.1037,  3.1403, 1.0000)>
MESH
Floor_Modular.094
<Matrix 4x4 (-1.0000, 0.0000,  0.0000, 0.0000)
            ( 0.0000, 1.0000, -0.0000, 0.0000)
            ( 0.0000, 0.0000,  1.0000, 0.0000)
            (-6.8908, 0.1037,  3.1403, 1.0000)>
MESH
Floor_Modular.095
<Matrix 4x4 (-1.0000, 0.0000,  0.0000, 0.0000)
            ( 0.0000, 1.0000, -0.0000, 0.0000)
            ( 0.0000, 0.0000,  1.0000, 0.0000)
            (-8.8908, 0.1037,  3.1403, 1.0000)>
MESH
Floor_Modular.098
<Matrix 4x4 (-1.0000, 0.0000,  0.0000, 0.0000)
            ( 0.0000, 1.0000, -0.0000, 0.0000)
            ( 0.0000, 0.0000,  1.0000, 0.0000)
            ( 3.1092, 0.1037,  3.1403, 1.0000)>
MESH
Floor_Modular.099
<Matrix 4x4 (-1.0000, 0.0000,  0.0000, 0.0000)
            ( 0.0000, 1.0000, -0.0000, 0.0000)
            ( 0.0000, 0.0000,  1.0000, 0.0000)
            ( 5.1092, 0.1037,  3.1403, 1.0000)>
MESH
Floor_Modular.100
<Matrix 4x4 (-1.0000, 0.0000,  0.0000, 0.0000)
            ( 0.0000, 1.0000, -0.0000, 0.0000)
            ( 0.0000, 0.0000,  1.0000, 0.0000)
            ( 7.1092, 0.1037,  3.1403, 1.0000)>
MESH
Floor_Modular.101
<Matrix 4x4 (-1.0000, 0.0000,  0.0000, 0.0000)
            ( 0.0000, 1.0000, -0.0000, 0.0000)
            ( 0.0000, 0.0000,  1.0000, 0.0000)
            ( 9.1092, 0.1037,  3.1403, 1.0000)>
MESH
Floor_Modular.102
<Matrix 4x4 (-1.0000, 0.0000,  0.0000, 0.0000)
            ( 0.0000, 1.0000, -0.0000, 0.0000)
            ( 0.0000, 0.0000,  1.0000, 0.0000)
            (11.1092, 0.1037,  3.1403, 1.0000)>
MESH
Floor_Modular.105
<Matrix 4x4 (-1.0000, 0.0000,  0.0000, 0.0000)
            ( 0.0000, 1.0000, -0.0000, 0.0000)
            ( 0.0000, 0.0000,  1.0000, 0.0000)
            ( 1.1092, 0.1037,  5.1377, 1.0000)>
MESH
Floor_Modular.106
<Matrix 4x4 (-1.0000, 0.0000,  0.0000, 0.0000)
            ( 0.0000, 1.0000, -0.0000, 0.0000)
            ( 0.0000, 0.0000,  1.0000, 0.0000)
            (-0.8908, 0.1037,  5.1377, 1.0000)>
MESH
Floor_Modular.107
<Matrix 4x4 (-1.0000, 0.0000,  0.0000, 0.0000)
            ( 0.0000, 1.0000, -0.0000, 0.0000)
            ( 0.0000, 0.0000,  1.0000, 0.0000)
            (-2.8908, 0.0785,  5.1377, 1.0000)>
MESH
Floor_Modular.108
<Matrix 4x4 (-1.0000, 0.0000,  0.0000, 0.0000)
            ( 0.0000, 1.0000, -0.0000, 0.0000)
            ( 0.0000, 0.0000,  1.0000, 0.0000)
            (-4.8908, 0.1037,  5.1377, 1.0000)>
MESH
Floor_Modular.109
<Matrix 4x4 (-1.0000, 0.0000,  0.0000, 0.0000)
            ( 0.0000, 1.0000, -0.0000, 0.0000)
            ( 0.0000, 0.0000,  1.0000, 0.0000)
            (-6.8908, 0.1037,  5.1377, 1.0000)>
MESH
Floor_Modular.110
<Matrix 4x4 (-1.0000, 0.0000,  0.0000, 0.0000)
            ( 0.0000, 1.0000, -0.0000, 0.0000)
            ( 0.0000, 0.0000,  1.0000, 0.0000)
            (-8.8908, 0.1037,  5.1377, 1.0000)>
MESH
Floor_Modular.113
<Matrix 4x4 (-1.0000, 0.0000,  0.0000, 0.0000)
            ( 0.0000, 1.0000, -0.0000, 0.0000)
            ( 0.0000, 0.0000,  1.0000, 0.0000)
            ( 3.1092, 0.1037,  5.1377, 1.0000)>
MESH
Floor_Modular.114
<Matrix 4x4 (-1.0000, 0.0000,  0.0000, 0.0000)
            ( 0.0000, 1.0000, -0.0000, 0.0000)
            ( 0.0000, 0.0000,  1.0000, 0.0000)
            ( 5.1092, 0.1037,  5.1377, 1.0000)>
MESH
Floor_Modular.115
<Matrix 4x4 (-1.0000, 0.0000,  0.0000, 0.0000)
            ( 0.0000, 1.0000, -0.0000, 0.0000)
            ( 0.0000, 0.0000,  1.0000, 0.0000)
            ( 7.1092, 0.1037,  5.1377, 1.0000)>
MESH
Floor_Modular.116
<Matrix 4x4 (-1.0000, 0.0000,  0.0000, 0.0000)
            ( 0.0000, 1.0000, -0.0000, 0.0000)
            ( 0.0000, 0.0000,  1.0000, 0.0000)
            ( 9.1092, 0.1037,  5.1377, 1.0000)>
MESH
Floor_Modular.117
<Matrix 4x4 (-1.0000, 0.0000,  0.0000, 0.0000)
            ( 0.0000, 1.0000, -0.0000, 0.0000)
            ( 0.0000, 0.0000,  1.0000, 0.0000)
            (11.1092, 0.1037,  5.1377, 1.0000)>
MESH
Floor_Modular.006
<Matrix 4x4 (-1.0000, 0.0000,  0.0000, 0.0000)
            ( 0.0000, 1.0000, -0.0000, 0.0000)
            ( 0.0000, 0.0000,  1.0000, 0.0000)
            ( 1.1092, 0.1037,  7.1411, 1.0000)>
MESH
Floor_Modular.007
<Matrix 4x4 (-1.0000, 0.0000,  0.0000, 0.0000)
            ( 0.0000, 1.0000, -0.0000, 0.0000)
            ( 0.0000, 0.0000,  1.0000, 0.0000)
            (-0.8908, 0.1037,  7.1411, 1.0000)>
MESH
Floor_Modular.013
<Matrix 4x4 (-1.0000, 0.0000,  0.0000, 0.0000)
            ( 0.0000, 1.0000, -0.0000, 0.0000)
            ( 0.0000, 0.0000,  1.0000, 0.0000)
            (-2.8908, 0.0785,  7.1411, 1.0000)>
MESH
Floor_Modular.014
<Matrix 4x4 (-1.0000, 0.0000,  0.0000, 0.0000)
            ( 0.0000, 1.0000, -0.0000, 0.0000)
            ( 0.0000, 0.0000,  1.0000, 0.0000)
            (-4.8908, 0.1037,  7.1411, 1.0000)>
MESH
Floor_Modular.021
<Matrix 4x4 (-1.0000, 0.0000,  0.0000, 0.0000)
            ( 0.0000, 1.0000, -0.0000, 0.0000)
            ( 0.0000, 0.0000,  1.0000, 0.0000)
            (-6.8908, 0.1037,  7.1411, 1.0000)>
MESH
Floor_Modular.022
<Matrix 4x4 (-1.0000, 0.0000,  0.0000, 0.0000)
            ( 0.0000, 1.0000, -0.0000, 0.0000)
            ( 0.0000, 0.0000,  1.0000, 0.0000)
            (-8.8908, 0.1037,  7.1411, 1.0000)>
MESH
Floor_Modular.028
<Matrix 4x4 (-1.0000, 0.0000,  0.0000, 0.0000)
            ( 0.0000, 1.0000, -0.0000, 0.0000)
            ( 0.0000, 0.0000,  1.0000, 0.0000)
            ( 3.1092, 0.1037,  7.1411, 1.0000)>
MESH
Floor_Modular.029
<Matrix 4x4 (-1.0000, 0.0000,  0.0000, 0.0000)
            ( 0.0000, 1.0000, -0.0000, 0.0000)
            ( 0.0000, 0.0000,  1.0000, 0.0000)
            ( 5.1092, 0.1037,  7.1411, 1.0000)>
MESH
Floor_Modular.036
<Matrix 4x4 (-1.0000, 0.0000,  0.0000, 0.0000)
            ( 0.0000, 1.0000, -0.0000, 0.0000)
            ( 0.0000, 0.0000,  1.0000, 0.0000)
            ( 7.1092, 0.1037,  7.1411, 1.0000)>
MESH
Floor_Modular.037
<Matrix 4x4 (-1.0000, 0.0000,  0.0000, 0.0000)
            ( 0.0000, 1.0000, -0.0000, 0.0000)
            ( 0.0000, 0.0000,  1.0000, 0.0000)
            ( 9.1092, 0.1037,  7.1411, 1.0000)>
MESH
Floor_Modular.043
<Matrix 4x4 (-1.0000, 0.0000,  0.0000, 0.0000)
            ( 0.0000, 1.0000, -0.0000, 0.0000)
            ( 0.0000, 0.0000,  1.0000, 0.0000)
            (11.1092, 0.1037,  7.1411, 1.0000)>
MESH
Floor_Modular.044
<Matrix 4x4 (-1.0000, 0.0000,  0.0000, 0.0000)
            ( 0.0000, 1.0000, -0.0000, 0.0000)
            ( 0.0000, 0.0000,  1.0000, 0.0000)
            ( 1.1092, 0.1037,  9.1411, 1.0000)>
MESH
Floor_Modular.051
<Matrix 4x4 (-1.0000, 0.0000,  0.0000, 0.0000)
            ( 0.0000, 1.0000, -0.0000, 0.0000)
            ( 0.0000, 0.0000,  1.0000, 0.0000)
            (-0.8908, 0.1037,  9.1411, 1.0000)>
MESH
Floor_Modular.052
<Matrix 4x4 (-1.0000, 0.0000,  0.0000, 0.0000)
            ( 0.0000, 1.0000, -0.0000, 0.0000)
            ( 0.0000, 0.0000,  1.0000, 0.0000)
            (-2.8908, 0.0785,  9.1411, 1.0000)>
MESH
Floor_Modular.058
<Matrix 4x4 (-1.0000, 0.0000,  0.0000, 0.0000)
            ( 0.0000, 1.0000, -0.0000, 0.0000)
            ( 0.0000, 0.0000,  1.0000, 0.0000)
            (-4.8908, 0.1037,  9.1411, 1.0000)>
MESH
Floor_Modular.059
<Matrix 4x4 (-1.0000, 0.0000,  0.0000, 0.0000)
            ( 0.0000, 1.0000, -0.0000, 0.0000)
            ( 0.0000, 0.0000,  1.0000, 0.0000)
            (-6.8908, 0.1037,  9.1411, 1.0000)>
MESH
Floor_Modular.066
<Matrix 4x4 (-1.0000, 0.0000,  0.0000, 0.0000)
            ( 0.0000, 1.0000, -0.0000, 0.0000)
            ( 0.0000, 0.0000,  1.0000, 0.0000)
            (-8.8908, 0.1037,  9.1411, 1.0000)>
MESH
Floor_Modular.067
<Matrix 4x4 (-1.0000, 0.0000,  0.0000, 0.0000)
            ( 0.0000, 1.0000, -0.0000, 0.0000)
            ( 0.0000, 0.0000,  1.0000, 0.0000)
            ( 3.1092, 0.1037,  9.1411, 1.0000)>
MESH
Floor_Modular.073
<Matrix 4x4 (-1.0000, 0.0000,  0.0000, 0.0000)
            ( 0.0000, 1.0000, -0.0000, 0.0000)
            ( 0.0000, 0.0000,  1.0000, 0.0000)
            ( 5.1092, 0.1037,  9.1411, 1.0000)>
MESH
Floor_Modular.074
<Matrix 4x4 (-1.0000, 0.0000,  0.0000, 0.0000)
            ( 0.0000, 1.0000, -0.0000, 0.0000)
            ( 0.0000, 0.0000,  1.0000, 0.0000)
            ( 7.1092, 0.1037,  9.1411, 1.0000)>
MESH
Floor_Modular.081
<Matrix 4x4 (-1.0000, 0.0000,  0.0000, 0.0000)
            ( 0.0000, 1.0000, -0.0000, 0.0000)
            ( 0.0000, 0.0000,  1.0000, 0.0000)
            ( 9.1092, 0.1037,  9.1411, 1.0000)>
MESH
Floor_Modular.082
<Matrix 4x4 (-1.0000, 0.0000,  0.0000, 0.0000)
            ( 0.0000, 1.0000, -0.0000, 0.0000)
            ( 0.0000, 0.0000,  1.0000, 0.0000)
            (11.1092, 0.1037,  9.1411, 1.0000)>
MESH
Floor_Modular.088
<Matrix 4x4 (-1.0000, 0.0000,  0.0000, 0.0000)
            ( 0.0000, 1.0000, -0.0000, 0.0000)
            ( 0.0000, 0.0000,  1.0000, 0.0000)
            ( 1.1092, 0.1037, 11.1315, 1.0000)>
MESH
Floor_Modular.089
<Matrix 4x4 (-1.0000, 0.0000,  0.0000, 0.0000)
            ( 0.0000, 1.0000, -0.0000, 0.0000)
            ( 0.0000, 0.0000,  1.0000, 0.0000)
            (-0.8908, 0.1037, 11.1315, 1.0000)>
MESH
Floor_Modular.096
<Matrix 4x4 (-1.0000, 0.0000,  0.0000, 0.0000)
            ( 0.0000, 1.0000, -0.0000, 0.0000)
            ( 0.0000, 0.0000,  1.0000, 0.0000)
            (-2.8908, 0.0785, 11.1315, 1.0000)>
MESH
Floor_Modular.097
<Matrix 4x4 (-1.0000, 0.0000,  0.0000, 0.0000)
            ( 0.0000, 1.0000, -0.0000, 0.0000)
            ( 0.0000, 0.0000,  1.0000, 0.0000)
            (-4.8908, 0.1037, 11.1315, 1.0000)>
MESH
Floor_Modular.103
<Matrix 4x4 (-1.0000, 0.0000,  0.0000, 0.0000)
            ( 0.0000, 1.0000, -0.0000, 0.0000)
            ( 0.0000, 0.0000,  1.0000, 0.0000)
            (-6.8908, 0.1037, 11.1315, 1.0000)>
MESH
Floor_Modular.104
<Matrix 4x4 (-1.0000, 0.0000,  0.0000, 0.0000)
            ( 0.0000, 1.0000, -0.0000, 0.0000)
            ( 0.0000, 0.0000,  1.0000, 0.0000)
            (-8.8908, 0.1037, 11.1315, 1.0000)>
MESH
Floor_Modular.111
<Matrix 4x4 (-1.0000, 0.0000,  0.0000, 0.0000)
            ( 0.0000, 1.0000, -0.0000, 0.0000)
            ( 0.0000, 0.0000,  1.0000, 0.0000)
            ( 3.1092, 0.1037, 11.1315, 1.0000)>
MESH
Floor_Modular.112
<Matrix 4x4 (-1.0000, 0.0000,  0.0000, 0.0000)
            ( 0.0000, 1.0000, -0.0000, 0.0000)
            ( 0.0000, 0.0000,  1.0000, 0.0000)
            ( 5.1092, 0.1037, 11.1315, 1.0000)>
MESH
Floor_Modular.118
<Matrix 4x4 (-1.0000, 0.0000,  0.0000, 0.0000)
            ( 0.0000, 1.0000, -0.0000, 0.0000)
            ( 0.0000, 0.0000,  1.0000, 0.0000)
            ( 7.1092, 0.1037, 11.1315, 1.0000)>
MESH
Floor_Modular.119
<Matrix 4x4 (-1.0000, 0.0000,  0.0000, 0.0000)
            ( 0.0000, 1.0000, -0.0000, 0.0000)
            ( 0.0000, 0.0000,  1.0000, 0.0000)
            ( 9.1092, 0.1037, 11.1315, 1.0000)>
MESH
Floor_Modular.120
<Matrix 4x4 (-1.0000, 0.0000,  0.0000, 0.0000)
            ( 0.0000, 1.0000, -0.0000, 0.0000)
            ( 0.0000, 0.0000,  1.0000, 0.0000)
            (11.1092, 0.1037, 11.1315, 1.0000)>
MESH
Coin_Pile
<Matrix 4x4 (-9.6177,  0.0000,  5.1928, 0.0000)
            (-0.0000, 10.9300, -0.0000, 0.0000)
            ( 5.1928,  0.0000,  9.6177, 0.0000)
            ( 8.0512,  0.1037,  7.9576, 1.0000)>
MESH
Coin_Pile.001
<Matrix 4x4 ( -2.4882,  0.0000, -10.6431, 0.0000)
            (  0.0000, 10.9300,  -0.0000, 0.0000)
            (-10.6431,  0.0000,   2.4882, 0.0000)
            (  9.1744,  0.2734,   6.9702, 1.0000)>
MESH
Column
<Matrix 4x4 (-1.0000, 0.0000,  0.0000, 0.0000)
            ( 0.0000, 1.0000, -0.0000, 0.0000)
            ( 0.0000, 0.0000,  1.0000, 0.0000)
            ( 1.9842, 0.1037, -6.1950, 1.0000)>
MESH
Column.001
<Matrix 4x4 (-1.0000, 0.0000,  0.0000, 0.0000)
            ( 0.0000, 1.0000, -0.0000, 0.0000)
            ( 0.0000, 0.0000,  1.0000, 0.0000)
            (-2.0158, 0.1037, -6.1950, 1.0000)>
MESH
Column.002
<Matrix 4x4 (-1.0000, 0.0000,  0.0000, 0.0000)
            ( 0.0000, 1.0000, -0.0000, 0.0000)
            ( 0.0000, 0.0000,  1.0000, 0.0000)
            ( 1.9842, 0.1037, -2.2220, 1.0000)>
MESH
Column.003
<Matrix 4x4 (-1.0000, 0.0000,  0.0000, 0.0000)
            ( 0.0000, 1.0000, -0.0000, 0.0000)
            ( 0.0000, 0.0000,  1.0000, 0.0000)
            (-2.0158, 0.1037, -2.2220, 1.0000)>
MESH
Crate
<Matrix 4x4 (-0.8735, -0.0000, -0.4868, 0.0000)
            ( 0.0000,  1.0000, -0.0000, 0.0000)
            (-0.4868,  0.0000,  0.8735, 0.0000)
            ( 8.6478,  0.1037, -8.0446, 1.0000)>
MESH
Crate.001
<Matrix 4x4 ( 0.1655, 0.0000, -0.9862, 0.0000)
            ( 0.0000, 1.0000,  0.0000, 0.0000)
            (-0.9862, 0.0000, -0.1655, 0.0000)
            ( 6.9469, 0.1037, -8.0446, 1.0000)>
MESH
Crate.002
<Matrix 4x4 ( 0.1655, 0.0000, -0.9862, 0.0000)
            ( 0.0000, 1.0000,  0.0000, 0.0000)
            (-0.9862, 0.0000, -0.1655, 0.0000)
            ( 7.7969, 1.4184, -8.0446, 1.0000)>
MESH
Skull
<Matrix 4x4 (-0.4119, 0.0000,  0.9112, 0.0000)
            (-0.0000, 1.0000, -0.0000, 0.0000)
            ( 0.9112, 0.0000,  0.4119, 0.0000)
            ( 7.6688, 2.7070, -8.0446, 1.0000)>
MESH
Skull.001
<Matrix 4x4 (-0.4119, 0.0000,  0.9112, 0.0000)
            (-0.0000, 1.0000, -0.0000, 0.0000)
            ( 0.9112, 0.0000,  0.4119, 0.0000)
            (-8.5723, 1.4505, -7.6160, 1.0000)>
MESH
Cobweb
<Matrix 4x4 (-0.8430, -0.0000, -0.5378, 0.0000)
            ( 0.0000,  1.0000, -0.0000, 0.0000)
            (-0.5378,  0.0000,  0.8430, 0.0000)
            ( 8.2173,  0.2111, -7.4284, 1.0000)>
MESH
Cobweb.001
<Matrix 4x4 ( 0.2018, 0.0000, -0.9794, 0.0000)
            ( 0.0000, 1.0000,  0.0000, 0.0000)
            (-0.9794, 0.0000, -0.2018, 0.0000)
            ( 6.2667, 0.2111, -8.3491, 1.0000)>
MESH
Torch
<Matrix 4x4 (-1.0000, 0.0000,  0.0000, 0.0000)
            ( 0.0000, 1.0000, -0.0000, 0.0000)
            ( 0.0000, 0.0000,  1.0000, 0.0000)
            (-2.0158, 2.2037, -5.5696, 1.0000)>
MESH
Torch.001
<Matrix 4x4 (-1.0000, 0.0000,  0.0000, 0.0000)
            ( 0.0000, 1.0000, -0.0000, 0.0000)
            ( 0.0000, 0.0000,  1.0000, 0.0000)
            ( 1.9842, 2.2037, -5.5696, 1.0000)>
MESH
Torch.002
<Matrix 4x4 (-1.0000, 0.0000,  0.0000, 0.0000)
            ( 0.0000, 1.0000, -0.0000, 0.0000)
            ( 0.0000, 0.0000,  1.0000, 0.0000)
            ( 1.9842, 2.2037, -1.6220, 1.0000)>
MESH
Torch.003
<Matrix 4x4 (-1.0000, 0.0000,  0.0000, 0.0000)
            ( 0.0000, 1.0000, -0.0000, 0.0000)
            ( 0.0000, 0.0000,  1.0000, 0.0000)
            (-2.0158, 2.2037, -1.5595, 1.0000)>
MESH
Barrel
<Matrix 4x4 (-1.0000, 0.0000,  0.0000, 0.0000)
            ( 0.0000, 1.0000, -0.0000, 0.0000)
            ( 0.0000, 0.0000,  1.0000, 0.0000)
            (-7.2004, 0.1037, -7.6299, 1.0000)>
MESH
Barrel.001
<Matrix 4x4 (-1.0000, 0.0000,  0.0000, 0.0000)
            ( 0.0000, 1.0000, -0.0000, 0.0000)
            ( 0.0000, 0.0000,  1.0000, 0.0000)
            (-8.4940, 0.1037, -7.6587, 1.0000)>
MESH
Barrel.002
<Matrix 4x4 (-1.0000, 0.0000,  0.0000, 0.0000)
            ( 0.0000, 1.0000, -0.0000, 0.0000)
            ( 0.0000, 0.0000,  1.0000, 0.0000)
            (-9.6031, 0.1037, -6.6311, 1.0000)>
MESH
Chair
<Matrix 4x4 ( 2.9597, 0.0000, -0.0701, 0.0000)
            ( 0.0000, 2.9605,  0.0002, 0.0000)
            (-0.0701, 0.0002, -2.9597, 0.0000)
            ( 2.0272, 0.1037, 10.2355, 1.0000)>
MESH
Chair.001
<Matrix 4x4 ( 2.9597, 0.0000, -0.0701, 0.0000)
            ( 0.0000, 2.9605,  0.0000, 0.0000)
            (-0.0701, 0.0000, -2.9597, 0.0000)
            (-1.9838, 0.1037, 10.2355, 1.0000)>
MESH
Wall_Modular
<Matrix 4x4 (-1.0000, 0.0000,  0.0000, 0.0000)
            ( 0.0000, 1.0000, -0.0000, 0.0000)
            ( 0.0000, 0.0000,  1.0000, 0.0000)
            ( 8.9706, 1.0820, -9.7172, 1.0000)>
MESH
Wall_Modular.001
<Matrix 4x4 (-1.0000, 0.0000,  0.0000, 0.0000)
            ( 0.0000, 1.0000, -0.0000, 0.0000)
            ( 0.0000, 0.0000,  1.0000, 0.0000)
            ( 6.9811, 1.0820, -9.7172, 1.0000)>
MESH
Wall_Modular.002
<Matrix 4x4 (-1.0000, 0.0000,  0.0000, 0.0000)
            ( 0.0000, 1.0000, -0.0000, 0.0000)
            ( 0.0000, 0.0000,  1.0000, 0.0000)
            ( 4.9874, 1.0820, -9.7172, 1.0000)>
MESH
Wall_Modular.003
<Matrix 4x4 (-1.0000, 0.0000,  0.0000, 0.0000)
            ( 0.0000, 1.0000, -0.0000, 0.0000)
            ( 0.0000, 0.0000,  1.0000, 0.0000)
            ( 3.0037, 1.0820, -9.7172, 1.0000)>
MESH
Wall_Modular.007
<Matrix 4x4 (-1.0000, 0.0000,  0.0000, 0.0000)
            ( 0.0000, 1.0000, -0.0000, 0.0000)
            ( 0.0000, 0.0000,  1.0000, 0.0000)
            (-3.0436, 1.0820, -9.7172, 1.0000)>
MESH
Wall_Modular.008
<Matrix 4x4 (-1.0000, 0.0000,  0.0000, 0.0000)
            ( 0.0000, 1.0000, -0.0000, 0.0000)
            ( 0.0000, 0.0000,  1.0000, 0.0000)
            (-5.0373, 1.0820, -9.7172, 1.0000)>
MESH
Wall_Modular.009
<Matrix 4x4 (-1.0000, 0.0000,  0.0000, 0.0000)
            ( 0.0000, 1.0000, -0.0000, 0.0000)
            ( 0.0000, 0.0000,  1.0000, 0.0000)
            (-7.0363, 1.0820, -9.7172, 1.0000)>
MESH
Wall_Modular.010
<Matrix 4x4 (-1.0000, 0.0000,  0.0000, 0.0000)
            ( 0.0000, 1.0000, -0.0000, 0.0000)
            ( 0.0000, 0.0000,  1.0000, 0.0000)
            (-9.0227, 1.0820, -9.7172, 1.0000)>
MESH
Wall_Modular.044
<Matrix 4x4 (-1.0000, 0.0000,  0.0000, 0.0000)
            ( 0.0000, 1.0000, -0.0000, 0.0000)
            ( 0.0000, 0.0000,  1.0000, 0.0000)
            ( 8.9706, 2.9845, -9.7172, 1.0000)>
MESH
Wall_Modular.045
<Matrix 4x4 (-1.0000, 0.0000,  0.0000, 0.0000)
            ( 0.0000, 1.0000, -0.0000, 0.0000)
            ( 0.0000, 0.0000,  1.0000, 0.0000)
            ( 6.9811, 2.9845, -9.7172, 1.0000)>
MESH
Wall_Modular.046
<Matrix 4x4 (-1.0000, 0.0000,  0.0000, 0.0000)
            ( 0.0000, 1.0000, -0.0000, 0.0000)
            ( 0.0000, 0.0000,  1.0000, 0.0000)
            ( 4.9874, 2.9845, -9.7172, 1.0000)>
MESH
Wall_Modular.047
<Matrix 4x4 (-1.0000, 0.0000,  0.0000, 0.0000)
            ( 0.0000, 1.0000, -0.0000, 0.0000)
            ( 0.0000, 0.0000,  1.0000, 0.0000)
            ( 3.0037, 2.9845, -9.7172, 1.0000)>
MESH
Wall_Modular.051
<Matrix 4x4 (-1.0000, 0.0000,  0.0000, 0.0000)
            ( 0.0000, 1.0000, -0.0000, 0.0000)
            ( 0.0000, 0.0000,  1.0000, 0.0000)
            (-3.0436, 2.9845, -9.7172, 1.0000)>
MESH
Wall_Modular.052
<Matrix 4x4 (-1.0000, 0.0000,  0.0000, 0.0000)
            ( 0.0000, 1.0000, -0.0000, 0.0000)
            ( 0.0000, 0.0000,  1.0000, 0.0000)
            (-5.0373, 2.9845, -9.7172, 1.0000)>
MESH
Wall_Modular.053
<Matrix 4x4 (-1.0000, 0.0000,  0.0000, 0.0000)
            ( 0.0000, 1.0000, -0.0000, 0.0000)
            ( 0.0000, 0.0000,  1.0000, 0.0000)
            (-7.0363, 2.9845, -9.7172, 1.0000)>
MESH
Wall_Modular.054
<Matrix 4x4 (-1.0000, 0.0000,  0.0000, 0.0000)
            ( 0.0000, 1.0000, -0.0000, 0.0000)
            ( 0.0000, 0.0000,  1.0000, 0.0000)
            (-9.0227, 2.9845, -9.7172, 1.0000)>
MESH
Wall_Modular.004
<Matrix 4x4 (-1.0000, 0.0000,  0.0000, 0.0000)
            ( 0.0000, 1.0000, -0.0000, 0.0000)
            ( 0.0000, 0.0000,  1.0000, 0.0000)
            (10.9488, 1.0820, -9.7172, 1.0000)>
MESH
Wall_Modular.005
<Matrix 4x4 (-1.0000, 0.0000,  0.0000, 0.0000)
            ( 0.0000, 1.0000, -0.0000, 0.0000)
            ( 0.0000, 0.0000,  1.0000, 0.0000)
            (10.9488, 2.9845, -9.7172, 1.0000)>
MESH
Wall_Modular.006
<Matrix 4x4 ( -1.0000, 0.0000,  0.0000, 0.0000)
            (  0.0000, 1.0000, -0.0000, 0.0000)
            (  0.0000, 0.0000,  1.0000, 0.0000)
            (-11.0069, 1.0820, -9.7172, 1.0000)>
MESH
Wall_Modular.048
<Matrix 4x4 ( -1.0000, 0.0000,  0.0000, 0.0000)
            (  0.0000, 1.0000, -0.0000, 0.0000)
            (  0.0000, 0.0000,  1.0000, 0.0000)
            (-11.0069, 2.9845, -9.7172, 1.0000)>
MESH
Wall_Modular.049
<Matrix 4x4 (-1.0000, 0.0000,  0.0000, 0.0000)
            ( 0.0000, 1.0000, -0.0000, 0.0000)
            ( 0.0000, 0.0000,  1.0000, 0.0000)
            ( 9.0193, 1.0820, 12.2842, 1.0000)>
MESH
Wall_Modular.050
<Matrix 4x4 (-1.0000, 0.0000,  0.0000, 0.0000)
            ( 0.0000, 1.0000, -0.0000, 0.0000)
            ( 0.0000, 0.0000,  1.0000, 0.0000)
            ( 7.0521, 1.0820, 12.2842, 1.0000)>
MESH
Wall_Modular.088
<Matrix 4x4 (-1.0000, 0.0000,  0.0000, 0.0000)
            ( 0.0000, 1.0000, -0.0000, 0.0000)
            ( 0.0000, 0.0000,  1.0000, 0.0000)
            ( 5.0584, 1.0820, 12.2842, 1.0000)>
MESH
Wall_Modular.089
<Matrix 4x4 (-1.0000, 0.0000,  0.0000, 0.0000)
            ( 0.0000, 1.0000, -0.0000, 0.0000)
            ( 0.0000, 0.0000,  1.0000, 0.0000)
            ( 3.0664, 1.0820, 12.2842, 1.0000)>
MESH
Wall_Modular.090
<Matrix 4x4 (-1.0000, 0.0000,  0.0000, 0.0000)
            ( 0.0000, 1.0000, -0.0000, 0.0000)
            ( 0.0000, 0.0000,  1.0000, 0.0000)
            (-2.8934, 1.0820, 12.2842, 1.0000)>
MESH
Wall_Modular.091
<Matrix 4x4 (-1.0000, 0.0000,  0.0000, 0.0000)
            ( 0.0000, 1.0000, -0.0000, 0.0000)
            ( 0.0000, 0.0000,  1.0000, 0.0000)
            (-4.8871, 1.0820, 12.2842, 1.0000)>
MESH
Wall_Modular.092
<Matrix 4x4 (-1.0000, 0.0000,  0.0000, 0.0000)
            ( 0.0000, 1.0000, -0.0000, 0.0000)
            ( 0.0000, 0.0000,  1.0000, 0.0000)
            (-6.8722, 1.0820, 12.2842, 1.0000)>
MESH
Wall_Modular.093
<Matrix 4x4 (-1.0000, 0.0000,  0.0000, 0.0000)
            ( 0.0000, 1.0000, -0.0000, 0.0000)
            ( 0.0000, 0.0000,  1.0000, 0.0000)
            (-8.8613, 1.0820, 12.2842, 1.0000)>
MESH
Wall_Modular.094
<Matrix 4x4 (-1.0000, 0.0000,  0.0000, 0.0000)
            ( 0.0000, 1.0000, -0.0000, 0.0000)
            ( 0.0000, 0.0000,  1.0000, 0.0000)
            ( 9.0193, 2.9845, 12.2842, 1.0000)>
MESH
Wall_Modular.095
<Matrix 4x4 (-1.0000, 0.0000,  0.0000, 0.0000)
            ( 0.0000, 1.0000, -0.0000, 0.0000)
            ( 0.0000, 0.0000,  1.0000, 0.0000)
            ( 7.0521, 2.9845, 12.2842, 1.0000)>
MESH
Wall_Modular.096
<Matrix 4x4 (-1.0000, 0.0000,  0.0000, 0.0000)
            ( 0.0000, 1.0000, -0.0000, 0.0000)
            ( 0.0000, 0.0000,  1.0000, 0.0000)
            ( 5.0584, 2.9845, 12.2842, 1.0000)>
MESH
Wall_Modular.097
<Matrix 4x4 (-1.0000, 0.0000,  0.0000, 0.0000)
            ( 0.0000, 1.0000, -0.0000, 0.0000)
            ( 0.0000, 0.0000,  1.0000, 0.0000)
            ( 3.0664, 2.9845, 12.2842, 1.0000)>
MESH
Wall_Modular.098
<Matrix 4x4 (-1.0000, 0.0000,  0.0000, 0.0000)
            ( 0.0000, 1.0000, -0.0000, 0.0000)
            ( 0.0000, 0.0000,  1.0000, 0.0000)
            (-2.8934, 2.9845, 12.2842, 1.0000)>
MESH
Wall_Modular.099
<Matrix 4x4 (-1.0000, 0.0000,  0.0000, 0.0000)
            ( 0.0000, 1.0000, -0.0000, 0.0000)
            ( 0.0000, 0.0000,  1.0000, 0.0000)
            (-4.8871, 2.9845, 12.2842, 1.0000)>
MESH
Wall_Modular.100
<Matrix 4x4 (-1.0000, 0.0000,  0.0000, 0.0000)
            ( 0.0000, 1.0000, -0.0000, 0.0000)
            ( 0.0000, 0.0000,  1.0000, 0.0000)
            (-6.8722, 2.9845, 12.2842, 1.0000)>
MESH
Wall_Modular.101
<Matrix 4x4 (-1.0000, 0.0000,  0.0000, 0.0000)
            ( 0.0000, 1.0000, -0.0000, 0.0000)
            ( 0.0000, 0.0000,  1.0000, 0.0000)
            (-8.8613, 2.9845, 12.2842, 1.0000)>
MESH
Wall_Modular.102
<Matrix 4x4 (-1.0000, 0.0000,  0.0000, 0.0000)
            ( 0.0000, 1.0000, -0.0000, 0.0000)
            ( 0.0000, 0.0000,  1.0000, 0.0000)
            (10.9911, 1.0820, 12.2842, 1.0000)>
MESH
Wall_Modular.103
<Matrix 4x4 (-1.0000, 0.0000,  0.0000, 0.0000)
            ( 0.0000, 1.0000, -0.0000, 0.0000)
            ( 0.0000, 0.0000,  1.0000, 0.0000)
            (10.9911, 2.9845, 12.2842, 1.0000)>
MESH
Wall_Modular.104
<Matrix 4x4 ( -1.0000, 0.0000,  0.0000, 0.0000)
            (  0.0000, 1.0000, -0.0000, 0.0000)
            (  0.0000, 0.0000,  1.0000, 0.0000)
            (-10.8285, 1.0820, 12.2842, 1.0000)>
MESH
Wall_Modular.105
<Matrix 4x4 ( -1.0000, 0.0000,  0.0000, 0.0000)
            (  0.0000, 1.0000, -0.0000, 0.0000)
            (  0.0000, 0.0000,  1.0000, 0.0000)
            (-10.8285, 2.9845, 12.2842, 1.0000)>
MESH
Wall_Modular.022
<Matrix 4x4 (-1.0000, 0.0000,  0.0000, 0.0000)
            ( 0.0000, 1.0000, -0.0000, 0.0000)
            ( 0.0000, 0.0000,  1.0000, 0.0000)
            ( 1.0918, 1.0820, 12.2842, 1.0000)>
MESH
Wall_Modular.023
<Matrix 4x4 (-1.0000, 0.0000,  0.0000, 0.0000)
            ( 0.0000, 1.0000, -0.0000, 0.0000)
            ( 0.0000, 0.0000,  1.0000, 0.0000)
            (-0.9020, 1.0820, 12.2842, 1.0000)>
MESH
Wall_Modular.024
<Matrix 4x4 (-1.0000, 0.0000,  0.0000, 0.0000)
            ( 0.0000, 1.0000, -0.0000, 0.0000)
            ( 0.0000, 0.0000,  1.0000, 0.0000)
            ( 1.0918, 2.9845, 12.2842, 1.0000)>
MESH
Wall_Modular.025
<Matrix 4x4 (-1.0000, 0.0000,  0.0000, 0.0000)
            ( 0.0000, 1.0000, -0.0000, 0.0000)
            ( 0.0000, 0.0000,  1.0000, 0.0000)
            (-0.9020, 2.9845, 12.2842, 1.0000)>
MESH
Arch_Door
<Matrix 4x4 (-1.0000, 0.0000,  0.0000, 0.0000)
            ( 0.0000, 1.0000, -0.0000, 0.0000)
            ( 0.0000, 0.0000,  1.0000, 0.0000)
            (-0.0158, 0.0455, -9.8619, 1.0000)>
MESH
Floor_Modular.121
<Matrix 4x4 ( -1.0000, 0.0000,  0.0000, 0.0000)
            (  0.0000, 1.0000, -0.0000, 0.0000)
            (  0.0000, 0.0000,  1.0000, 0.0000)
            (-10.8713, 0.1037, -8.8325, 1.0000)>
MESH
Floor_Modular.122
<Matrix 4x4 ( -1.0000, 0.0000,  0.0000, 0.0000)
            (  0.0000, 1.0000, -0.0000, 0.0000)
            (  0.0000, 0.0000,  1.0000, 0.0000)
            (-10.8713, 0.1037, -6.8325, 1.0000)>
MESH
Floor_Modular.123
<Matrix 4x4 ( -1.0000, 0.0000,  0.0000, 0.0000)
            (  0.0000, 1.0000, -0.0000, 0.0000)
            (  0.0000, 0.0000,  1.0000, 0.0000)
            (-10.8713, 0.1037, -4.8477, 1.0000)>
MESH
Floor_Modular.124
<Matrix 4x4 ( -1.0000, 0.0000,  0.0000, 0.0000)
            (  0.0000, 1.0000, -0.0000, 0.0000)
            (  0.0000, 0.0000,  1.0000, 0.0000)
            (-10.8713, 0.1037, -2.8447, 1.0000)>
MESH
Floor_Modular.125
<Matrix 4x4 ( -1.0000, 0.0000,  0.0000, 0.0000)
            (  0.0000, 1.0000, -0.0000, 0.0000)
            (  0.0000, 0.0000,  1.0000, 0.0000)
            (-10.8713, 0.1037, -0.8445, 1.0000)>
MESH
Floor_Modular.126
<Matrix 4x4 ( -1.0000, 0.0000,  0.0000, 0.0000)
            (  0.0000, 1.0000, -0.0000, 0.0000)
            (  0.0000, 0.0000,  1.0000, 0.0000)
            (-10.8713, 0.1037,  1.1555, 1.0000)>
MESH
Floor_Modular.127
<Matrix 4x4 ( -1.0000, 0.0000,  0.0000, 0.0000)
            (  0.0000, 1.0000, -0.0000, 0.0000)
            (  0.0000, 0.0000,  1.0000, 0.0000)
            (-10.8713, 0.1037,  3.1403, 1.0000)>
MESH
Floor_Modular.128
<Matrix 4x4 ( -1.0000, 0.0000,  0.0000, 0.0000)
            (  0.0000, 1.0000, -0.0000, 0.0000)
            (  0.0000, 0.0000,  1.0000, 0.0000)
            (-10.8713, 0.1037,  5.1377, 1.0000)>
MESH
Floor_Modular.129
<Matrix 4x4 ( -1.0000, 0.0000,  0.0000, 0.0000)
            (  0.0000, 1.0000, -0.0000, 0.0000)
            (  0.0000, 0.0000,  1.0000, 0.0000)
            (-10.8713, 0.1037,  7.1411, 1.0000)>
MESH
Floor_Modular.130
<Matrix 4x4 ( -1.0000, 0.0000,  0.0000, 0.0000)
            (  0.0000, 1.0000, -0.0000, 0.0000)
            (  0.0000, 0.0000,  1.0000, 0.0000)
            (-10.8713, 0.1037,  9.1411, 1.0000)>
MESH
Floor_Modular.131
<Matrix 4x4 ( -1.0000, 0.0000,  0.0000, 0.0000)
            (  0.0000, 1.0000, -0.0000, 0.0000)
            (  0.0000, 0.0000,  1.0000, 0.0000)
            (-10.8713, 0.1037, 11.1315, 1.0000)>
MESH
Wall_Modular.026
<Matrix 4x4 (  0.0111, 0.0000, -0.9999, 0.0000)
            (  0.0000, 1.0000,  0.0000, 0.0000)
            ( -0.9999, 0.0000, -0.0111, 0.0000)
            (-11.9371, 1.0820,  9.3741, 1.0000)>
MESH
Wall_Modular.027
<Matrix 4x4 (  0.0000, 0.0000, -1.0000, 0.0000)
            (  0.0000, 1.0000,  0.0000, 0.0000)
            ( -1.0000, 0.0000, -0.0000, 0.0000)
            (-11.9152, 1.0820,  7.4071, 1.0000)>
MESH
Wall_Modular.028
<Matrix 4x4 (  0.0111, 0.0000, -0.9999, 0.0000)
            (  0.0000, 1.0000,  0.0000, 0.0000)
            ( -0.9999, 0.0000, -0.0111, 0.0000)
            (-11.8931, 1.0820,  5.4135, 1.0000)>
MESH
Wall_Modular.029
<Matrix 4x4 (  0.0111, 0.0000, -0.9999, 0.0000)
            (  0.0000, 1.0000,  0.0000, 0.0000)
            ( -0.9999, 0.0000, -0.0111, 0.0000)
            (-11.8709, 1.0820,  3.4216, 1.0000)>
MESH
Wall_Modular.030
<Matrix 4x4 (  0.0111, 0.0000, -0.9999, 0.0000)
            (  0.0000, 1.0000,  0.0000, 0.0000)
            ( -0.9999, 0.0000, -0.0111, 0.0000)
            (-11.8046, 1.0820, -2.5379, 1.0000)>
MESH
Wall_Modular.031
<Matrix 4x4 (  0.0111, 0.0000, -0.9999, 0.0000)
            (  0.0000, 1.0000,  0.0000, 0.0000)
            ( -0.9999, 0.0000, -0.0111, 0.0000)
            (-11.7825, 1.0820, -4.5315, 1.0000)>
MESH
Wall_Modular.032
<Matrix 4x4 (  0.0111, 0.0000, -0.9999, 0.0000)
            (  0.0000, 1.0000,  0.0000, 0.0000)
            ( -0.9999, 0.0000, -0.0111, 0.0000)
            (-11.7604, 1.0820, -6.5164, 1.0000)>
MESH
Wall_Modular.033
<Matrix 4x4 (  0.0111, 0.0000, -0.9999, 0.0000)
            (  0.0000, 1.0000,  0.0000, 0.0000)
            ( -0.9999, 0.0000, -0.0111, 0.0000)
            (-11.7383, 1.0820, -8.5053, 1.0000)>
MESH
Wall_Modular.034
<Matrix 4x4 (  0.0111, 0.0000, -0.9999, 0.0000)
            (  0.0000, 1.0000,  0.0000, 0.0000)
            ( -0.9999, 0.0000, -0.0111, 0.0000)
            (-11.9371, 2.9845,  9.3741, 1.0000)>
MESH
Wall_Modular.035
<Matrix 4x4 (  0.0111, 0.0000, -0.9999, 0.0000)
            (  0.0000, 1.0000,  0.0000, 0.0000)
            ( -0.9999, 0.0000, -0.0111, 0.0000)
            (-11.9152, 2.9845,  7.4071, 1.0000)>
MESH
Wall_Modular.036
<Matrix 4x4 (  0.0111, 0.0000, -0.9999, 0.0000)
            (  0.0000, 1.0000,  0.0000, 0.0000)
            ( -0.9999, 0.0000, -0.0111, 0.0000)
            (-11.8931, 2.9845,  5.4135, 1.0000)>
MESH
Wall_Modular.037
<Matrix 4x4 (  0.0111, 0.0000, -0.9999, 0.0000)
            (  0.0000, 1.0000,  0.0000, 0.0000)
            ( -0.9999, 0.0000, -0.0111, 0.0000)
            (-11.8709, 2.9845,  3.4216, 1.0000)>
MESH
Wall_Modular.038
<Matrix 4x4 (  0.0111, 0.0000, -0.9999, 0.0000)
            (  0.0000, 1.0000,  0.0000, 0.0000)
            ( -0.9999, 0.0000, -0.0111, 0.0000)
            (-11.8046, 2.9845, -2.5379, 1.0000)>
MESH
Wall_Modular.039
<Matrix 4x4 (  0.0111, 0.0000, -0.9999, 0.0000)
            (  0.0000, 1.0000,  0.0000, 0.0000)
            ( -0.9999, 0.0000, -0.0111, 0.0000)
            (-11.7825, 2.9845, -4.5315, 1.0000)>
MESH
Wall_Modular.040
<Matrix 4x4 (  0.0111, 0.0000, -0.9999, 0.0000)
            (  0.0000, 1.0000,  0.0000, 0.0000)
            ( -0.9999, 0.0000, -0.0111, 0.0000)
            (-11.7604, 2.9845, -6.5164, 1.0000)>
MESH
Wall_Modular.041
<Matrix 4x4 (  0.0111, 0.0000, -0.9999, 0.0000)
            (  0.0000, 1.0000,  0.0000, 0.0000)
            ( -0.9999, 0.0000, -0.0111, 0.0000)
            (-11.7383, 2.9845, -8.5053, 1.0000)>
MESH
Wall_Modular.042
<Matrix 4x4 (  0.0111, 0.0000, -0.9999, 0.0000)
            (  0.0000, 1.0000,  0.0000, 0.0000)
            ( -0.9999, 0.0000, -0.0111, 0.0000)
            (-11.9595, 1.0820, 11.3309, 1.0000)>
MESH
Wall_Modular.043
<Matrix 4x4 (  0.0111, 0.0000, -0.9999, 0.0000)
            (  0.0000, 1.0000,  0.0000, 0.0000)
            ( -0.9999, 0.0000, -0.0111, 0.0000)
            (-11.9595, 2.9845, 11.3309, 1.0000)>
MESH
Wall_Modular.068
<Matrix 4x4 (  0.0111, 0.0000, -0.9999, 0.0000)
            (  0.0000, 1.0000,  0.0000, 0.0000)
            ( -0.9999, 0.0000, -0.0111, 0.0000)
            (-11.8489, 1.0820,  1.4471, 1.0000)>
MESH
Wall_Modular.069
<Matrix 4x4 (  0.0111, 0.0000, -0.9999, 0.0000)
            (  0.0000, 1.0000,  0.0000, 0.0000)
            ( -0.9999, 0.0000, -0.0111, 0.0000)
            (-11.8268, 1.0820, -0.5465, 1.0000)>
MESH
Wall_Modular.070
<Matrix 4x4 (  0.0111, 0.0000, -0.9999, 0.0000)
            (  0.0000, 1.0000,  0.0000, 0.0000)
            ( -0.9999, 0.0000, -0.0111, 0.0000)
            (-11.8489, 2.9845,  1.4471, 1.0000)>
MESH
Wall_Modular.071
<Matrix 4x4 (  0.0111, 0.0000, -0.9999, 0.0000)
            (  0.0000, 1.0000,  0.0000, 0.0000)
            ( -0.9999, 0.0000, -0.0111, 0.0000)
            (-11.8268, 2.9845, -0.5465, 1.0000)>
MESH
Wall_Modular.011
<Matrix 4x4 ( 0.0111, 0.0000, -0.9999, 0.0000)
            ( 0.0000, 1.0000,  0.0000, 0.0000)
            (-0.9999, 0.0000, -0.0111, 0.0000)
            (11.6349, 1.0820,  9.3741, 1.0000)>
MESH
Wall_Modular.012
<Matrix 4x4 ( 0.0000, 0.0000, -1.0000, 0.0000)
            ( 0.0000, 1.0000,  0.0000, 0.0000)
            (-1.0000, 0.0000, -0.0000, 0.0000)
            (11.6567, 1.0820,  7.4071, 1.0000)>
MESH
Wall_Modular.013
<Matrix 4x4 ( 0.0111, 0.0000, -0.9999, 0.0000)
            ( 0.0000, 1.0000,  0.0000, 0.0000)
            (-0.9999, 0.0000, -0.0111, 0.0000)
            (11.6789, 1.0820,  5.4135, 1.0000)>
MESH
Wall_Modular.014
<Matrix 4x4 ( 0.0111, 0.0000, -0.9999, 0.0000)
            ( 0.0000, 1.0000,  0.0000, 0.0000)
            (-0.9999, 0.0000, -0.0111, 0.0000)
            (11.7011, 1.0820,  3.4216, 1.0000)>
MESH
Wall_Modular.015
<Matrix 4x4 ( 0.0111, 0.0000, -0.9999, 0.0000)
            ( 0.0000, 1.0000,  0.0000, 0.0000)
            (-0.9999, 0.0000, -0.0111, 0.0000)
            (11.7673, 1.0820, -2.5379, 1.0000)>
MESH
Wall_Modular.016
<Matrix 4x4 ( 0.0111, 0.0000, -0.9999, 0.0000)
            ( 0.0000, 1.0000,  0.0000, 0.0000)
            (-0.9999, 0.0000, -0.0111, 0.0000)
            (11.7895, 1.0820, -4.5315, 1.0000)>
MESH
Wall_Modular.017
<Matrix 4x4 ( 0.0111, 0.0000, -0.9999, 0.0000)
            ( 0.0000, 1.0000,  0.0000, 0.0000)
            (-0.9999, 0.0000, -0.0111, 0.0000)
            (11.8116, 1.0820, -6.5164, 1.0000)>
MESH
Wall_Modular.018
<Matrix 4x4 ( 0.0111, 0.0000, -0.9999, 0.0000)
            ( 0.0000, 1.0000,  0.0000, 0.0000)
            (-0.9999, 0.0000, -0.0111, 0.0000)
            (11.8337, 1.0820, -8.5053, 1.0000)>
MESH
Wall_Modular.019
<Matrix 4x4 ( 0.0111, 0.0000, -0.9999, 0.0000)
            ( 0.0000, 1.0000,  0.0000, 0.0000)
            (-0.9999, 0.0000, -0.0111, 0.0000)
            (11.6349, 2.9845,  9.3741, 1.0000)>
MESH
Wall_Modular.020
<Matrix 4x4 ( 0.0111, 0.0000, -0.9999, 0.0000)
            ( 0.0000, 1.0000,  0.0000, 0.0000)
            (-0.9999, 0.0000, -0.0111, 0.0000)
            (11.6567, 2.9845,  7.4071, 1.0000)>
MESH
Wall_Modular.021
<Matrix 4x4 ( 0.0111, 0.0000, -0.9999, 0.0000)
            ( 0.0000, 1.0000,  0.0000, 0.0000)
            (-0.9999, 0.0000, -0.0111, 0.0000)
            (11.6789, 2.9845,  5.4135, 1.0000)>
MESH
Wall_Modular.055
<Matrix 4x4 ( 0.0111, 0.0000, -0.9999, 0.0000)
            ( 0.0000, 1.0000,  0.0000, 0.0000)
            (-0.9999, 0.0000, -0.0111, 0.0000)
            (11.7011, 2.9845,  3.4216, 1.0000)>
MESH
Wall_Modular.056
<Matrix 4x4 ( 0.0111, 0.0000, -0.9999, 0.0000)
            ( 0.0000, 1.0000,  0.0000, 0.0000)
            (-0.9999, 0.0000, -0.0111, 0.0000)
            (11.7673, 2.9845, -2.5379, 1.0000)>
MESH
Wall_Modular.057
<Matrix 4x4 ( 0.0111, 0.0000, -0.9999, 0.0000)
            ( 0.0000, 1.0000,  0.0000, 0.0000)
            (-0.9999, 0.0000, -0.0111, 0.0000)
            (11.7895, 2.9845, -4.5315, 1.0000)>
MESH
Wall_Modular.058
<Matrix 4x4 ( 0.0111, 0.0000, -0.9999, 0.0000)
            ( 0.0000, 1.0000,  0.0000, 0.0000)
            (-0.9999, 0.0000, -0.0111, 0.0000)
            (11.8116, 2.9845, -6.5457, 1.0000)>
MESH
Wall_Modular.059
<Matrix 4x4 ( 0.0111, 0.0000, -0.9999, 0.0000)
            ( 0.0000, 1.0000,  0.0000, 0.0000)
            (-0.9999, 0.0000, -0.0111, 0.0000)
            (11.8276, 2.9845, -8.5597, 1.0000)>
MESH
Wall_Modular.060
<Matrix 4x4 ( 0.0111, 0.0000, -0.9999, 0.0000)
            ( 0.0000, 1.0000,  0.0000, 0.0000)
            (-0.9999, 0.0000, -0.0111, 0.0000)
            (11.6124, 1.0820, 11.3665, 1.0000)>
MESH
Wall_Modular.061
<Matrix 4x4 ( 0.0111, 0.0000, -0.9999, 0.0000)
            ( 0.0000, 1.0000,  0.0000, 0.0000)
            (-0.9999, 0.0000, -0.0111, 0.0000)
            (11.6124, 2.9845, 11.3665, 1.0000)>
MESH
Wall_Modular.062
<Matrix 4x4 ( 0.0111, 0.0000, -0.9999, 0.0000)
            ( 0.0000, 1.0000,  0.0000, 0.0000)
            (-0.9999, 0.0000, -0.0111, 0.0000)
            (11.7230, 1.0820,  1.4471, 1.0000)>
MESH
Wall_Modular.063
<Matrix 4x4 ( 0.0111, 0.0000, -0.9999, 0.0000)
            ( 0.0000, 1.0000,  0.0000, 0.0000)
            (-0.9999, 0.0000, -0.0111, 0.0000)
            (11.7452, 1.0820, -0.5465, 1.0000)>
MESH
Wall_Modular.064
<Matrix 4x4 ( 0.0111, 0.0000, -0.9999, 0.0000)
            ( 0.0000, 1.0000,  0.0000, 0.0000)
            (-0.9999, 0.0000, -0.0111, 0.0000)
            (11.7230, 2.9845,  1.4471, 1.0000)>
MESH
Wall_Modular.065
<Matrix 4x4 ( 0.0111, 0.0000, -0.9999, 0.0000)
            ( 0.0000, 1.0000,  0.0000, 0.0000)
            (-0.9999, 0.0000, -0.0111, 0.0000)
            (11.7452, 2.9845, -0.5465, 1.0000)>
MESH
Sword_WallMount
<Matrix 4x4 ( 3.0474, -0.0000, -0.0000, 0.0000)
            ( 0.0000,  3.0474,  0.0000, 0.0000)
            (-0.0000,  0.0000, -3.0474, 0.0000)
            ( 0.0000,  1.6558, 12.0990, 1.0000)>
LIGHT
Point.002
POINT
<Color (r=1.0000, g=0.6703, b=0.0152)>
30.0
5.0
<Matrix 4x4 (-1.0000, 0.0000,  0.0000, 0.0000)
            ( 0.0000, 0.0000, -1.0000, 0.0000)
            ( 0.0000, 1.0000,  0.0000, 0.0000)
            ( 1.9644, 2.7256, -5.3429, 1.0000)>
LIGHT
Point.003
POINT
<Color (r=1.0000, g=0.6703, b=0.0152)>
30.0
5.0
<Matrix 4x4 (-1.0000, 0.0000,  0.0000, 0.0000)
            ( 0.0000, 0.0000, -1.0000, 0.0000)
            ( 0.0000, 1.0000,  0.0000, 0.0000)
            (-1.9674, 2.7256, -5.3429, 1.0000)>
LIGHT
Point.001
POINT
<Color (r=1.0000, g=0.6703, b=0.0152)>
30.0
5.0
<Matrix 4x4 (-1.0000, 0.0000,  0.0000, 0.0000)
            ( 0.0000, 0.0000, -1.0000, 0.0000)
            ( 0.0000, 1.0000,  0.0000, 0.0000)
            ( 1.9644, 2.7256, -1.4319, 1.0000)>
LIGHT
Point.004
POINT
<Color (r=1.0000, g=0.6703, b=0.0152)>
30.0
5.0
<Matrix 4x4 (-1.0000, 0.0000,  0.0000, 0.0000)
            ( 0.0000, 0.0000, -1.0000, 0.0000)
            ( 0.0000, 1.0000,  0.0000, 0.0000)
            (-1.9674, 2.7256, -1.4319, 1.0000)>
MESH
Torch.005
<Matrix 4x4 (-0.0063, 0.0000, -1.0000, 0.0000)
            ( 0.0000, 1.0000, -0.0000, 0.0000)
            (-1.0000, 0.0000,  0.0063, 0.0000)
            (11.0000, 2.2037, -4.2888, 1.0000)>
LIGHT
Point.006
POINT
<Color (r=1.0000, g=0.6703, b=0.0152)>
30.0
5.0
<Matrix 4x4 (-0.0063, 0.0000, -1.0000, 0.0000)
            ( 1.0000, 0.0000, -0.0063, 0.0000)
            ( 0.0000, 1.0000,  0.0000, 0.0000)
            (11.0000, 2.7256, -4.3074, 1.0000)>
MESH
Torch.007
<Matrix 4x4 (  0.0000, 0.0000,  1.0000, 0.0000)
            ( -0.0000, 1.0000,  0.0000, 0.0000)
            (  1.0000, 0.0000, -0.0000, 0.0000)
            (-11.3000, 2.2037, -4.2888, 1.0000)>
LIGHT
Point.008
POINT
<Color (r=1.0000, g=0.6703, b=0.0152)>
30.0
5.0
<Matrix 4x4 ( -0.0063, 0.0000, -1.0000, 0.0000)
            (  1.0000, 0.0000, -0.0063, 0.0000)
            (  0.0000, 1.0000,  0.0000, 0.0000)
            (-11.3000, 2.7256, -4.2393, 1.0000)>
LIGHT
Point.012
SPOT
<Color (r=0.6715, g=0.3329, b=1.0000)>
30.0
5.0
1.0471975803375244
0.15000000596046448
<Matrix 4x4 (-1.0000, 0.0000,  0.0000, 0.0000)
            ( 0.0000, 0.0000, -1.0000, 0.0000)
            ( 0.0000, 1.0000,  0.0000, 0.0000)
            (-0.2218, 4.0000,  4.1006, 1.0000)>
MESH
Column.004
<Matrix 4x4 (-1.0000, 0.0000,  0.0000, 0.0000)
            ( 0.0000, 1.0000, -0.0000, 0.0000)
            ( 0.0000, 0.0000,  1.0000, 0.0000)
            ( 1.9842, 0.1037,  1.9327, 1.0000)>
MESH
Column.005
<Matrix 4x4 (-1.0000, 0.0000,  0.0000, 0.0000)
            ( 0.0000, 1.0000, -0.0000, 0.0000)
            ( 0.0000, 0.0000,  1.0000, 0.0000)
            (-2.0158, 0.1037,  1.9327, 1.0000)>
MESH
Column.006
<Matrix 4x4 (-1.0000, 0.0000,  0.0000, 0.0000)
            ( 0.0000, 1.0000, -0.0000, 0.0000)
            ( 0.0000, 0.0000,  1.0000, 0.0000)
            ( 1.9842, 0.1037,  5.9057, 1.0000)>
MESH
Column.007
<Matrix 4x4 (-1.0000, 0.0000,  0.0000, 0.0000)
            ( 0.0000, 1.0000, -0.0000, 0.0000)
            ( 0.0000, 0.0000,  1.0000, 0.0000)
            (-2.0158, 0.1037,  5.9057, 1.0000)>
MESH
Torch.008
<Matrix 4x4 (-1.0000, 0.0000,  0.0000, 0.0000)
            ( 0.0000, 1.0000, -0.0000, 0.0000)
            ( 0.0000, 0.0000,  1.0000, 0.0000)
            (-2.0158, 2.2037,  2.5581, 1.0000)>
MESH
Torch.009
<Matrix 4x4 (-1.0000, 0.0000,  0.0000, 0.0000)
            ( 0.0000, 1.0000, -0.0000, 0.0000)
            ( 0.0000, 0.0000,  1.0000, 0.0000)
            ( 1.9842, 2.2037,  2.5581, 1.0000)>
MESH
Torch.012
<Matrix 4x4 (-1.0000, 0.0000,  0.0000, 0.0000)
            ( 0.0000, 1.0000, -0.0000, 0.0000)
            ( 0.0000, 0.0000,  1.0000, 0.0000)
            ( 1.9842, 2.2037,  6.5057, 1.0000)>
MESH
Torch.013
<Matrix 4x4 (-1.0000, 0.0000,  0.0000, 0.0000)
            ( 0.0000, 1.0000, -0.0000, 0.0000)
            ( 0.0000, 0.0000,  1.0000, 0.0000)
            (-2.0158, 2.2037,  6.5682, 1.0000)>
LIGHT
Point.009
POINT
<Color (r=1.0000, g=0.6703, b=0.0152)>
30.0
5.0
<Matrix 4x4 (-1.0000, 0.0000,  0.0000, 0.0000)
            ( 0.0000, 0.0000, -1.0000, 0.0000)
            ( 0.0000, 1.0000,  0.0000, 0.0000)
            ( 1.9644, 2.7256,  2.7848, 1.0000)>
LIGHT
Point.010
POINT
<Color (r=1.0000, g=0.6703, b=0.0152)>
30.0
5.0
<Matrix 4x4 (-1.0000, 0.0000,  0.0000, 0.0000)
            ( 0.0000, 0.0000, -1.0000, 0.0000)
            ( 0.0000, 1.0000,  0.0000, 0.0000)
            (-1.9674, 2.7256,  2.7848, 1.0000)>
LIGHT
Point.013
POINT
<Color (r=1.0000, g=0.6703, b=0.0152)>
30.0
5.0
<Matrix 4x4 (-1.0000, 0.0000,  0.0000, 0.0000)
            ( 0.0000, 0.0000, -1.0000, 0.0000)
            ( 0.0000, 1.0000,  0.0000, 0.0000)
            ( 1.9644, 2.7256,  6.6958, 1.0000)>
LIGHT
Point.014
POINT
<Color (r=1.0000, g=0.6703, b=0.0152)>
30.0
5.0
<Matrix 4x4 (-1.0000, 0.0000,  0.0000, 0.0000)
            ( 0.0000, 0.0000, -1.0000, 0.0000)
            ( 0.0000, 1.0000,  0.0000, 0.0000)
            (-1.9674, 2.7256,  6.6633, 1.0000)>
MESH
Torch.014
<Matrix 4x4 ( 1.0000, 0.0000, -0.0000, 0.0000)
            ( 0.0000, 1.0000,  0.0000, 0.0000)
            (-0.0000, 0.0000, -1.0000, 0.0000)
            ( 3.6742, 2.2037, 11.7521, 1.0000)>
MESH
Torch.015
<Matrix 4x4 ( 1.0000, 0.0000, -0.0000, 0.0000)
            ( 0.0000, 1.0000,  0.0000, 0.0000)
            (-0.0000, 0.0000, -1.0000, 0.0000)
            (-3.6500, 2.2037, 11.8146, 1.0000)>
LIGHT
Point.015
POINT
<Color (r=1.0000, g=0.6703, b=0.0152)>
30.0
5.0
<Matrix 4x4 (-1.0000, 0.0000,  0.0000, 0.0000)
            ( 0.0000, 0.0000, -1.0000, 0.0000)
            ( 0.0000, 1.0000,  0.0000, 0.0000)
            (-3.6500, 2.7256, 11.7491, 1.0000)>
LIGHT
Point.016
POINT
<Color (r=1.0000, g=0.6703, b=0.0152)>
30.0
5.0
<Matrix 4x4 (-1.0000, 0.0000,  0.0000, 0.0000)
            ( 0.0000, 0.0000, -1.0000, 0.0000)
            ( 0.0000, 1.0000,  0.0000, 0.0000)
            ( 3.6544, 2.7256, 11.7059, 1.0000)>
MESH
Arch
<Matrix 4x4 (-1.0000, 0.0000,  0.0000, 0.0000)
            ( 0.0000, 1.0000, -0.0000, 0.0000)
            ( 0.0000, 0.0000,  1.0000, 0.0000)
            ( 0.0000, 0.0000, -9.6210, 1.0000)>
MESH
skyBox
../skyBox.jpg
<Matrix 4x4 (-35.0000,  0.0000,   0.0000, 0.0000)
            (  0.0000,  0.0000, -35.0000, 0.0000)
            (  0.0000, 35.0000,   0.0000, 0.0000)
            (  0.3258, 15.3213,   0.7330, 1.0000)>
MESH
Torch.010
<Matrix 4x4 (-1.0000, 0.0000,  0.0000, 0.0000)
            ( 0.0000, 1.0000, -0.0000, 0.0000)
            ( 0.0000, 0.0000,  1.0000, 0.0000)
            (-2.8600, 2.2037, -9.2896, 1.0000)>
MESH
Torch.011
<Matrix 4x4 (-1.0000, 0.0000,  0.0000, 0.0000)
            ( 0.0000, 1.0000, -0.0000, 0.0000)
            ( 0.0000, 0.0000,  1.0000, 0.0000)
            ( 2.8623, 2.2037, -9.2896, 1.0000)>
LIGHT
Point.017
POINT
<Color (r=1.0000, g=0.6703, b=0.0152)>
30.0
5.102383613586426
<Matrix 4x4 (-1.0000, 0.0000,  0.0000, 0.0000)
            ( 0.0000, 0.0000, -1.0000, 0.0000)
            ( 0.0000, 1.0000,  0.0000, 0.0000)
            ( 2.8623, 2.7256, -9.0996, 1.0000)>
LIGHT
Point.018
POINT
<Color (r=1.0000, g=0.6703, b=0.0152)>
30.0
5.196292877197266
<Matrix 4x4 (-1.0000, 0.0000,  0.0000, 0.0000)
            ( 0.0000, 0.0000, -1.0000, 0.0000)
            ( 0.0000, 1.0000,  0.0000, 0.0000)
            (-2.8600, 2.7256, -9.0716, 1.0000)>
LIGHT
Point.005
SPOT
<Color (r=0.0697, g=0.4782, b=1.0000)>
30.0
5.0
1.0471975803375244
0.15000000596046448
<Matrix 4x4 (-1.0000, 0.0000,  0.0000, 0.0000)
            ( 0.0000, 0.0000, -1.0000, 0.0000)
            ( 0.0000, 1.0000,  0.0000, 0.0000)
            (-0.2218, 4.0000, -4.1361, 1.0000)>
