# Game Level Exporter v1.3
MESH
youWinTextButtonText
<Matrix 4x4 (-0.2000, 0.0000,  0.0000, 0.0000)
            ( 0.0000, 0.2000,  0.0000, 0.0000)
            ( 0.0000, 0.0000, -0.2000, 0.0000)
            (-0.2485, 0.4102,  0.0000, 1.0000)>
MESH
youWinTextButton
<Matrix 4x4 (-0.1909,  0.0000, -0.0000, 0.0000)
            (-0.0000, -0.0422,  0.0000, 0.0000)
            ( 0.0000, -0.0000, -0.1909, 0.0000)
            (-0.0040,  0.4497,  0.0000, 1.0000)>
MESH
restartPauseMenuButtonText
<Matrix 4x4 (-0.0870,  0.0000,  0.0000, 0.0000)
            ( 0.0000,  0.0870,  0.0000, 0.0000)
            ( 0.0000,  0.0000, -0.0870, 0.0000)
            (-0.1016, -0.3229,  0.0000, 1.0000)>
MESH
restartPauseMenuButton
<Matrix 4x4 (-0.1909,  0.0000, -0.0000, 0.0000)
            (-0.0000, -0.0422,  0.0000, 0.0000)
            ( 0.0000, -0.0000, -0.1909, 0.0000)
            (-0.0040, -0.3021,  0.0000, 1.0000)>
MESH
gameOverTextButtonText
<Matrix 4x4 (-0.2000, 0.0000,  0.0000, 0.0000)
            ( 0.0000, 0.2000,  0.0000, 0.0000)
            ( 0.0000, 0.0000, -0.2000, 0.0000)
            (-0.2485, 0.4160,  0.0000, 1.0000)>
MESH
gameOverTextButton
<Matrix 4x4 (-0.1909,  0.0000, -0.0000, 0.0000)
            (-0.0000, -0.0422,  0.0000, 0.0000)
            ( 0.0000, -0.0000, -0.1909, 0.0000)
            (-0.0040,  0.4555,  0.0000, 1.0000)>
MESH
gameOverOverlay
<Matrix 4x4 (-0.5025, 0.0000,  0.0000, 0.0000)
            ( 0.0000, 0.4405,  0.0000, 0.0000)
            ( 0.0000, 0.0000, -0.3857, 0.0000)
            (-0.0048, 0.0306,  0.0000, 1.0000)>
MESH
ExitGameOverButton
<Matrix 4x4 (-0.1909,  0.0000, -0.0000, 0.0000)
            (-0.0000, -0.0422,  0.0000, 0.0000)
            ( 0.0000, -0.0000, -0.1909, 0.0000)
            (-0.0040, -0.5363,  0.0000, 1.0000)>
MESH
ExitGameOverButtonText
<Matrix 4x4 (-0.0870,  0.0000,  0.0000, 0.0000)
            ( 0.0000,  0.0870,  0.0000, 0.0000)
            ( 0.0000,  0.0000, -0.0870, 0.0000)
            (-0.0855, -0.5550,  0.0000, 1.0000)>
MESH
highScoreTextButton
<Matrix 4x4 (-0.1909,  0.0000, -0.0000, 0.0000)
            (-0.0000, -0.0422,  0.0000, 0.0000)
            ( 0.0000, -0.0000, -0.1909, 0.0000)
            (-0.1628,  0.0837,  0.0000, 1.0000)>
MESH
scoreTextButton
<Matrix 4x4 (-0.1909,  0.0000, -0.0000, 0.0000)
            (-0.0000, -0.0422,  0.0000, 0.0000)
            ( 0.0000, -0.0000, -0.1909, 0.0000)
            (-0.1610, -0.1061,  0.0000, 1.0000)>
MESH
zero.001
<Matrix 4x4 (-0.0875,  0.0000,  0.0000, 0.0000)
            ( 0.0000,  0.0875,  0.0000, 0.0000)
            ( 0.0000,  0.0000, -0.0875, 0.0000)
            ( 0.0520, -0.1301,  0.0000, 1.0000)>
MESH
one.001
<Matrix 4x4 (-0.0875,  0.0000,  0.0000, 0.0000)
            ( 0.0000,  0.0875,  0.0000, 0.0000)
            ( 0.0000,  0.0000, -0.0875, 0.0000)
            ( 0.0520, -0.1301,  0.0000, 1.0000)>
MESH
two.001
<Matrix 4x4 (-0.0875,  0.0000,  0.0000, 0.0000)
            ( 0.0000,  0.0875,  0.0000, 0.0000)
            ( 0.0000,  0.0000, -0.0875, 0.0000)
            ( 0.0520, -0.1301,  0.0000, 1.0000)>
MESH
three.001
<Matrix 4x4 (-0.0875,  0.0000,  0.0000, 0.0000)
            ( 0.0000,  0.0875,  0.0000, 0.0000)
            ( 0.0000,  0.0000, -0.0875, 0.0000)
            ( 0.0520, -0.1301,  0.0000, 1.0000)>
MESH
four.001
<Matrix 4x4 (-0.0875,  0.0000,  0.0000, 0.0000)
            ( 0.0000,  0.0875,  0.0000, 0.0000)
            ( 0.0000,  0.0000, -0.0875, 0.0000)
            ( 0.0520, -0.1301,  0.0000, 1.0000)>
MESH
five.001
<Matrix 4x4 (-0.0875,  0.0000,  0.0000, 0.0000)
            ( 0.0000,  0.0875,  0.0000, 0.0000)
            ( 0.0000,  0.0000, -0.0875, 0.0000)
            ( 0.0520, -0.1301,  0.0000, 1.0000)>
MESH
six.001
<Matrix 4x4 (-0.0875,  0.0000,  0.0000, 0.0000)
            ( 0.0000,  0.0875,  0.0000, 0.0000)
            ( 0.0000,  0.0000, -0.0875, 0.0000)
            ( 0.0520, -0.1301,  0.0000, 1.0000)>
MESH
seven.001
<Matrix 4x4 (-0.0875,  0.0000,  0.0000, 0.0000)
            ( 0.0000,  0.0875,  0.0000, 0.0000)
            ( 0.0000,  0.0000, -0.0875, 0.0000)
            ( 0.0520, -0.1301,  0.0000, 1.0000)>
MESH
eight.001
<Matrix 4x4 (-0.0875,  0.0000,  0.0000, 0.0000)
            ( 0.0000,  0.0875,  0.0000, 0.0000)
            ( 0.0000,  0.0000, -0.0875, 0.0000)
            ( 0.0520, -0.1301,  0.0000, 1.0000)>
MESH
nine.001
<Matrix 4x4 (-0.0875,  0.0000,  0.0000, 0.0000)
            ( 0.0000,  0.0875,  0.0000, 0.0000)
            ( 0.0000,  0.0000, -0.0875, 0.0000)
            ( 0.0520, -0.1301,  0.0000, 1.0000)>
MESH
zero.002
<Matrix 4x4 (-0.0875,  0.0000,  0.0000, 0.0000)
            ( 0.0000,  0.0875,  0.0000, 0.0000)
            ( 0.0000,  0.0000, -0.0875, 0.0000)
            ( 0.0913, -0.1301,  0.0000, 1.0000)>
MESH
one.002
<Matrix 4x4 (-0.0875,  0.0000,  0.0000, 0.0000)
            ( 0.0000,  0.0875,  0.0000, 0.0000)
            ( 0.0000,  0.0000, -0.0875, 0.0000)
            ( 0.0913, -0.1301,  0.0000, 1.0000)>
MESH
two.002
<Matrix 4x4 (-0.0875,  0.0000,  0.0000, 0.0000)
            ( 0.0000,  0.0875,  0.0000, 0.0000)
            ( 0.0000,  0.0000, -0.0875, 0.0000)
            ( 0.0913, -0.1301,  0.0000, 1.0000)>
MESH
three.002
<Matrix 4x4 (-0.0875,  0.0000,  0.0000, 0.0000)
            ( 0.0000,  0.0875,  0.0000, 0.0000)
            ( 0.0000,  0.0000, -0.0875, 0.0000)
            ( 0.0913, -0.1301,  0.0000, 1.0000)>
MESH
four.002
<Matrix 4x4 (-0.0875,  0.0000,  0.0000, 0.0000)
            ( 0.0000,  0.0875,  0.0000, 0.0000)
            ( 0.0000,  0.0000, -0.0875, 0.0000)
            ( 0.0913, -0.1301,  0.0000, 1.0000)>
MESH
five.002
<Matrix 4x4 (-0.0875,  0.0000,  0.0000, 0.0000)
            ( 0.0000,  0.0875,  0.0000, 0.0000)
            ( 0.0000,  0.0000, -0.0875, 0.0000)
            ( 0.0913, -0.1301,  0.0000, 1.0000)>
MESH
six.002
<Matrix 4x4 (-0.0875,  0.0000,  0.0000, 0.0000)
            ( 0.0000,  0.0875,  0.0000, 0.0000)
            ( 0.0000,  0.0000, -0.0875, 0.0000)
            ( 0.0913, -0.1301,  0.0000, 1.0000)>
MESH
seven.002
<Matrix 4x4 (-0.0875,  0.0000,  0.0000, 0.0000)
            ( 0.0000,  0.0875,  0.0000, 0.0000)
            ( 0.0000,  0.0000, -0.0875, 0.0000)
            ( 0.0913, -0.1301,  0.0000, 1.0000)>
MESH
eight.002
<Matrix 4x4 (-0.0875,  0.0000,  0.0000, 0.0000)
            ( 0.0000,  0.0875,  0.0000, 0.0000)
            ( 0.0000,  0.0000, -0.0875, 0.0000)
            ( 0.0913, -0.1301,  0.0000, 1.0000)>
MESH
nine.002
<Matrix 4x4 (-0.0875,  0.0000,  0.0000, 0.0000)
            ( 0.0000,  0.0875,  0.0000, 0.0000)
            ( 0.0000,  0.0000, -0.0875, 0.0000)
            ( 0.0913, -0.1301,  0.0000, 1.0000)>
MESH
zero.003
<Matrix 4x4 (-0.0875,  0.0000,  0.0000, 0.0000)
            ( 0.0000,  0.0875,  0.0000, 0.0000)
            ( 0.0000,  0.0000, -0.0875, 0.0000)
            ( 0.1309, -0.1301,  0.0000, 1.0000)>
MESH
one.003
<Matrix 4x4 (-0.0875,  0.0000,  0.0000, 0.0000)
            ( 0.0000,  0.0875,  0.0000, 0.0000)
            ( 0.0000,  0.0000, -0.0875, 0.0000)
            ( 0.1309, -0.1301,  0.0000, 1.0000)>
MESH
two.003
<Matrix 4x4 (-0.0875,  0.0000,  0.0000, 0.0000)
            ( 0.0000,  0.0875,  0.0000, 0.0000)
            ( 0.0000,  0.0000, -0.0875, 0.0000)
            ( 0.1309, -0.1301,  0.0000, 1.0000)>
MESH
three.003
<Matrix 4x4 (-0.0875,  0.0000,  0.0000, 0.0000)
            ( 0.0000,  0.0875,  0.0000, 0.0000)
            ( 0.0000,  0.0000, -0.0875, 0.0000)
            ( 0.1309, -0.1301,  0.0000, 1.0000)>
MESH
four.003
<Matrix 4x4 (-0.0875,  0.0000,  0.0000, 0.0000)
            ( 0.0000,  0.0875,  0.0000, 0.0000)
            ( 0.0000,  0.0000, -0.0875, 0.0000)
            ( 0.1309, -0.1301,  0.0000, 1.0000)>
MESH
five.003
<Matrix 4x4 (-0.0875,  0.0000,  0.0000, 0.0000)
            ( 0.0000,  0.0875,  0.0000, 0.0000)
            ( 0.0000,  0.0000, -0.0875, 0.0000)
            ( 0.1309, -0.1301,  0.0000, 1.0000)>
MESH
six.003
<Matrix 4x4 (-0.0875,  0.0000,  0.0000, 0.0000)
            ( 0.0000,  0.0875,  0.0000, 0.0000)
            ( 0.0000,  0.0000, -0.0875, 0.0000)
            ( 0.1309, -0.1301,  0.0000, 1.0000)>
MESH
seven.003
<Matrix 4x4 (-0.0875,  0.0000,  0.0000, 0.0000)
            ( 0.0000,  0.0875,  0.0000, 0.0000)
            ( 0.0000,  0.0000, -0.0875, 0.0000)
            ( 0.1309, -0.1301,  0.0000, 1.0000)>
MESH
eight.003
<Matrix 4x4 (-0.0875,  0.0000,  0.0000, 0.0000)
            ( 0.0000,  0.0875,  0.0000, 0.0000)
            ( 0.0000,  0.0000, -0.0875, 0.0000)
            ( 0.1309, -0.1301,  0.0000, 1.0000)>
MESH
nine.003
<Matrix 4x4 (-0.0875,  0.0000,  0.0000, 0.0000)
            ( 0.0000,  0.0875,  0.0000, 0.0000)
            ( 0.0000,  0.0000, -0.0875, 0.0000)
            ( 0.1309, -0.1301,  0.0000, 1.0000)>
MESH
zero.004
<Matrix 4x4 (-0.0875,  0.0000,  0.0000, 0.0000)
            ( 0.0000,  0.0875,  0.0000, 0.0000)
            ( 0.0000,  0.0000, -0.0875, 0.0000)
            ( 0.1709, -0.1301,  0.0000, 1.0000)>
MESH
one.004
<Matrix 4x4 (-0.0875,  0.0000,  0.0000, 0.0000)
            ( 0.0000,  0.0875,  0.0000, 0.0000)
            ( 0.0000,  0.0000, -0.0875, 0.0000)
            ( 0.1709, -0.1301,  0.0000, 1.0000)>
MESH
two.004
<Matrix 4x4 (-0.0875,  0.0000,  0.0000, 0.0000)
            ( 0.0000,  0.0875,  0.0000, 0.0000)
            ( 0.0000,  0.0000, -0.0875, 0.0000)
            ( 0.1709, -0.1301,  0.0000, 1.0000)>
MESH
three.004
<Matrix 4x4 (-0.0875,  0.0000,  0.0000, 0.0000)
            ( 0.0000,  0.0875,  0.0000, 0.0000)
            ( 0.0000,  0.0000, -0.0875, 0.0000)
            ( 0.1709, -0.1301,  0.0000, 1.0000)>
MESH
four.004
<Matrix 4x4 (-0.0875,  0.0000,  0.0000, 0.0000)
            ( 0.0000,  0.0875,  0.0000, 0.0000)
            ( 0.0000,  0.0000, -0.0875, 0.0000)
            ( 0.1709, -0.1301,  0.0000, 1.0000)>
MESH
five.004
<Matrix 4x4 (-0.0875,  0.0000,  0.0000, 0.0000)
            ( 0.0000,  0.0875,  0.0000, 0.0000)
            ( 0.0000,  0.0000, -0.0875, 0.0000)
            ( 0.1709, -0.1301,  0.0000, 1.0000)>
MESH
six.004
<Matrix 4x4 (-0.0875,  0.0000,  0.0000, 0.0000)
            ( 0.0000,  0.0875,  0.0000, 0.0000)
            ( 0.0000,  0.0000, -0.0875, 0.0000)
            ( 0.1709, -0.1301,  0.0000, 1.0000)>
MESH
seven.004
<Matrix 4x4 (-0.0875,  0.0000,  0.0000, 0.0000)
            ( 0.0000,  0.0875,  0.0000, 0.0000)
            ( 0.0000,  0.0000, -0.0875, 0.0000)
            ( 0.1709, -0.1301,  0.0000, 1.0000)>
MESH
eight.004
<Matrix 4x4 (-0.0875,  0.0000,  0.0000, 0.0000)
            ( 0.0000,  0.0875,  0.0000, 0.0000)
            ( 0.0000,  0.0000, -0.0875, 0.0000)
            ( 0.1709, -0.1301,  0.0000, 1.0000)>
MESH
nine.004
<Matrix 4x4 (-0.0875,  0.0000,  0.0000, 0.0000)
            ( 0.0000,  0.0875,  0.0000, 0.0000)
            ( 0.0000,  0.0000, -0.0875, 0.0000)
            ( 0.1709, -0.1301,  0.0000, 1.0000)>
MESH
scoreTextButtonText
<Matrix 4x4 (-0.1010,  0.0000,  0.0000, 0.0000)
            ( 0.0000,  0.1010,  0.0000, 0.0000)
            ( 0.0000,  0.0000, -0.1010, 0.0000)
            (-0.1157, -0.1294,  0.0000, 1.0000)>
MESH
hszero.008
<Matrix 4x4 (-0.0875, 0.0000,  0.0000, 0.0000)
            ( 0.0000, 0.0875,  0.0000, 0.0000)
            ( 0.0000, 0.0000, -0.0875, 0.0000)
            ( 0.0520, 0.0514,  0.0000, 1.0000)>
MESH
hsone.008
<Matrix 4x4 (-0.0875, 0.0000,  0.0000, 0.0000)
            ( 0.0000, 0.0875,  0.0000, 0.0000)
            ( 0.0000, 0.0000, -0.0875, 0.0000)
            ( 0.0520, 0.0514,  0.0000, 1.0000)>
MESH
hstwo.008
<Matrix 4x4 (-0.0875, 0.0000,  0.0000, 0.0000)
            ( 0.0000, 0.0875,  0.0000, 0.0000)
            ( 0.0000, 0.0000, -0.0875, 0.0000)
            ( 0.0520, 0.0514,  0.0000, 1.0000)>
MESH
hsthree.008
<Matrix 4x4 (-0.0875, 0.0000,  0.0000, 0.0000)
            ( 0.0000, 0.0875,  0.0000, 0.0000)
            ( 0.0000, 0.0000, -0.0875, 0.0000)
            ( 0.0520, 0.0514,  0.0000, 1.0000)>
MESH
hsfour.008
<Matrix 4x4 (-0.0875, 0.0000,  0.0000, 0.0000)
            ( 0.0000, 0.0875,  0.0000, 0.0000)
            ( 0.0000, 0.0000, -0.0875, 0.0000)
            ( 0.0520, 0.0514,  0.0000, 1.0000)>
MESH
hsfive.008
<Matrix 4x4 (-0.0875, 0.0000,  0.0000, 0.0000)
            ( 0.0000, 0.0875,  0.0000, 0.0000)
            ( 0.0000, 0.0000, -0.0875, 0.0000)
            ( 0.0520, 0.0514,  0.0000, 1.0000)>
MESH
hssix.008
<Matrix 4x4 (-0.0875, 0.0000,  0.0000, 0.0000)
            ( 0.0000, 0.0875,  0.0000, 0.0000)
            ( 0.0000, 0.0000, -0.0875, 0.0000)
            ( 0.0520, 0.0514,  0.0000, 1.0000)>
MESH
hsseven.008
<Matrix 4x4 (-0.0875, 0.0000,  0.0000, 0.0000)
            ( 0.0000, 0.0875,  0.0000, 0.0000)
            ( 0.0000, 0.0000, -0.0875, 0.0000)
            ( 0.0520, 0.0514,  0.0000, 1.0000)>
MESH
hseight.008
<Matrix 4x4 (-0.0875, 0.0000,  0.0000, 0.0000)
            ( 0.0000, 0.0875,  0.0000, 0.0000)
            ( 0.0000, 0.0000, -0.0875, 0.0000)
            ( 0.0520, 0.0514,  0.0000, 1.0000)>
MESH
hsnine.008
<Matrix 4x4 (-0.0875, 0.0000,  0.0000, 0.0000)
            ( 0.0000, 0.0875,  0.0000, 0.0000)
            ( 0.0000, 0.0000, -0.0875, 0.0000)
            ( 0.0520, 0.0514,  0.0000, 1.0000)>
MESH
hszero.009
<Matrix 4x4 (-0.0875, 0.0000,  0.0000, 0.0000)
            ( 0.0000, 0.0875,  0.0000, 0.0000)
            ( 0.0000, 0.0000, -0.0875, 0.0000)
            ( 0.0913, 0.0514,  0.0000, 1.0000)>
MESH
hsone.009
<Matrix 4x4 (-0.0875, 0.0000,  0.0000, 0.0000)
            ( 0.0000, 0.0875,  0.0000, 0.0000)
            ( 0.0000, 0.0000, -0.0875, 0.0000)
            ( 0.0913, 0.0514,  0.0000, 1.0000)>
MESH
hstwo.009
<Matrix 4x4 (-0.0875, 0.0000,  0.0000, 0.0000)
            ( 0.0000, 0.0875,  0.0000, 0.0000)
            ( 0.0000, 0.0000, -0.0875, 0.0000)
            ( 0.0913, 0.0514,  0.0000, 1.0000)>
MESH
hsthree.009
<Matrix 4x4 (-0.0875, 0.0000,  0.0000, 0.0000)
            ( 0.0000, 0.0875,  0.0000, 0.0000)
            ( 0.0000, 0.0000, -0.0875, 0.0000)
            ( 0.0913, 0.0514,  0.0000, 1.0000)>
MESH
hsfour.009
<Matrix 4x4 (-0.0875, 0.0000,  0.0000, 0.0000)
            ( 0.0000, 0.0875,  0.0000, 0.0000)
            ( 0.0000, 0.0000, -0.0875, 0.0000)
            ( 0.0913, 0.0514,  0.0000, 1.0000)>
MESH
hsfive.009
<Matrix 4x4 (-0.0875, 0.0000,  0.0000, 0.0000)
            ( 0.0000, 0.0875,  0.0000, 0.0000)
            ( 0.0000, 0.0000, -0.0875, 0.0000)
            ( 0.0913, 0.0514,  0.0000, 1.0000)>
MESH
hssix.009
<Matrix 4x4 (-0.0875, 0.0000,  0.0000, 0.0000)
            ( 0.0000, 0.0875,  0.0000, 0.0000)
            ( 0.0000, 0.0000, -0.0875, 0.0000)
            ( 0.0913, 0.0514,  0.0000, 1.0000)>
MESH
hsseven.009
<Matrix 4x4 (-0.0875, 0.0000,  0.0000, 0.0000)
            ( 0.0000, 0.0875,  0.0000, 0.0000)
            ( 0.0000, 0.0000, -0.0875, 0.0000)
            ( 0.0913, 0.0514,  0.0000, 1.0000)>
MESH
hseight.009
<Matrix 4x4 (-0.0875, 0.0000,  0.0000, 0.0000)
            ( 0.0000, 0.0875,  0.0000, 0.0000)
            ( 0.0000, 0.0000, -0.0875, 0.0000)
            ( 0.0913, 0.0514,  0.0000, 1.0000)>
MESH
hsnine.009
<Matrix 4x4 (-0.0875, 0.0000,  0.0000, 0.0000)
            ( 0.0000, 0.0875,  0.0000, 0.0000)
            ( 0.0000, 0.0000, -0.0875, 0.0000)
            ( 0.0913, 0.0514,  0.0000, 1.0000)>
MESH
hszero.010
<Matrix 4x4 (-0.0875, 0.0000,  0.0000, 0.0000)
            ( 0.0000, 0.0875,  0.0000, 0.0000)
            ( 0.0000, 0.0000, -0.0875, 0.0000)
            ( 0.1309, 0.0514,  0.0000, 1.0000)>
MESH
hsone.010
<Matrix 4x4 (-0.0875, 0.0000,  0.0000, 0.0000)
            ( 0.0000, 0.0875,  0.0000, 0.0000)
            ( 0.0000, 0.0000, -0.0875, 0.0000)
            ( 0.1309, 0.0514,  0.0000, 1.0000)>
MESH
hstwo.010
<Matrix 4x4 (-0.0875, 0.0000,  0.0000, 0.0000)
            ( 0.0000, 0.0875,  0.0000, 0.0000)
            ( 0.0000, 0.0000, -0.0875, 0.0000)
            ( 0.1309, 0.0514,  0.0000, 1.0000)>
MESH
hsthree.010
<Matrix 4x4 (-0.0875, 0.0000,  0.0000, 0.0000)
            ( 0.0000, 0.0875,  0.0000, 0.0000)
            ( 0.0000, 0.0000, -0.0875, 0.0000)
            ( 0.1309, 0.0514,  0.0000, 1.0000)>
MESH
hsfour.010
<Matrix 4x4 (-0.0875, 0.0000,  0.0000, 0.0000)
            ( 0.0000, 0.0875,  0.0000, 0.0000)
            ( 0.0000, 0.0000, -0.0875, 0.0000)
            ( 0.1309, 0.0514,  0.0000, 1.0000)>
MESH
hsfive.010
<Matrix 4x4 (-0.0875, 0.0000,  0.0000, 0.0000)
            ( 0.0000, 0.0875,  0.0000, 0.0000)
            ( 0.0000, 0.0000, -0.0875, 0.0000)
            ( 0.1309, 0.0514,  0.0000, 1.0000)>
MESH
hssix.010
<Matrix 4x4 (-0.0875, 0.0000,  0.0000, 0.0000)
            ( 0.0000, 0.0875,  0.0000, 0.0000)
            ( 0.0000, 0.0000, -0.0875, 0.0000)
            ( 0.1309, 0.0514,  0.0000, 1.0000)>
MESH
hsseven.010
<Matrix 4x4 (-0.0875, 0.0000,  0.0000, 0.0000)
            ( 0.0000, 0.0875,  0.0000, 0.0000)
            ( 0.0000, 0.0000, -0.0875, 0.0000)
            ( 0.1309, 0.0514,  0.0000, 1.0000)>
MESH
hseight.010
<Matrix 4x4 (-0.0875, 0.0000,  0.0000, 0.0000)
            ( 0.0000, 0.0875,  0.0000, 0.0000)
            ( 0.0000, 0.0000, -0.0875, 0.0000)
            ( 0.1309, 0.0514,  0.0000, 1.0000)>
MESH
hsnine.010
<Matrix 4x4 (-0.0875, 0.0000,  0.0000, 0.0000)
            ( 0.0000, 0.0875,  0.0000, 0.0000)
            ( 0.0000, 0.0000, -0.0875, 0.0000)
            ( 0.1309, 0.0514,  0.0000, 1.0000)>
MESH
hszero.011
<Matrix 4x4 (-0.0875, 0.0000,  0.0000, 0.0000)
            ( 0.0000, 0.0875,  0.0000, 0.0000)
            ( 0.0000, 0.0000, -0.0875, 0.0000)
            ( 0.1709, 0.0514,  0.0000, 1.0000)>
MESH
hsone.011
<Matrix 4x4 (-0.0875, 0.0000,  0.0000, 0.0000)
            ( 0.0000, 0.0875,  0.0000, 0.0000)
            ( 0.0000, 0.0000, -0.0875, 0.0000)
            ( 0.1709, 0.0514,  0.0000, 1.0000)>
MESH
hstwo.011
<Matrix 4x4 (-0.0875, 0.0000,  0.0000, 0.0000)
            ( 0.0000, 0.0875,  0.0000, 0.0000)
            ( 0.0000, 0.0000, -0.0875, 0.0000)
            ( 0.1709, 0.0514,  0.0000, 1.0000)>
MESH
hsthree.011
<Matrix 4x4 (-0.0875, 0.0000,  0.0000, 0.0000)
            ( 0.0000, 0.0875,  0.0000, 0.0000)
            ( 0.0000, 0.0000, -0.0875, 0.0000)
            ( 0.1709, 0.0514,  0.0000, 1.0000)>
MESH
hsfour.011
<Matrix 4x4 (-0.0875, 0.0000,  0.0000, 0.0000)
            ( 0.0000, 0.0875,  0.0000, 0.0000)
            ( 0.0000, 0.0000, -0.0875, 0.0000)
            ( 0.1709, 0.0514,  0.0000, 1.0000)>
MESH
hsfive.011
<Matrix 4x4 (-0.0875, 0.0000,  0.0000, 0.0000)
            ( 0.0000, 0.0875,  0.0000, 0.0000)
            ( 0.0000, 0.0000, -0.0875, 0.0000)
            ( 0.1709, 0.0514,  0.0000, 1.0000)>
MESH
hssix.011
<Matrix 4x4 (-0.0875, 0.0000,  0.0000, 0.0000)
            ( 0.0000, 0.0875,  0.0000, 0.0000)
            ( 0.0000, 0.0000, -0.0875, 0.0000)
            ( 0.1709, 0.0514,  0.0000, 1.0000)>
MESH
hsseven.011
<Matrix 4x4 (-0.0875, 0.0000,  0.0000, 0.0000)
            ( 0.0000, 0.0875,  0.0000, 0.0000)
            ( 0.0000, 0.0000, -0.0875, 0.0000)
            ( 0.1709, 0.0514,  0.0000, 1.0000)>
MESH
hseight.011
<Matrix 4x4 (-0.0875, 0.0000,  0.0000, 0.0000)
            ( 0.0000, 0.0875,  0.0000, 0.0000)
            ( 0.0000, 0.0000, -0.0875, 0.0000)
            ( 0.1709, 0.0514,  0.0000, 1.0000)>
MESH
hsnine.011
<Matrix 4x4 (-0.0875, 0.0000,  0.0000, 0.0000)
            ( 0.0000, 0.0875,  0.0000, 0.0000)
            ( 0.0000, 0.0000, -0.0875, 0.0000)
            ( 0.1709, 0.0514,  0.0000, 1.0000)>
MESH
highScoreTextButtonText
<Matrix 4x4 (-0.1010, 0.0000,  0.0000, 0.0000)
            ( 0.0000, 0.1010,  0.0000, 0.0000)
            ( 0.0000, 0.0000, -0.1010, 0.0000)
            (-0.2222, 0.0521,  0.0000, 1.0000)>
