# Game Level Exporter v1.3
MESH
GameText
<Matrix 4x4 (-0.1894, 0.0000,  0.0000, 0.0000)
            ( 0.0000, 0.1894, -0.0000, 0.0000)
            ( 0.0000, 0.0000,  0.1894, 0.0000)
            (-0.3878, 0.1809,  0.0000, 1.0000)>
MESH
startGameButton
<Matrix 4x4 (-0.1928,  0.0000,  0.0000, 0.0000)
            ( 0.0000,  0.0286, -0.0000, 0.0000)
            ( 0.0000,  0.0000,  0.0437, 0.0000)
            (-0.0089, -0.0762,  0.0000, 1.0000)>
MESH
controlsButton
<Matrix 4x4 (-0.1928,  0.0000,  0.0000, 0.0000)
            ( 0.0000,  0.0286, -0.0000, 0.0000)
            ( 0.0000,  0.0000,  0.0437, 0.0000)
            (-0.0089, -0.2000,  0.0000, 1.0000)>
MESH
ExitButton
<Matrix 4x4 (-0.1928,  0.0000,  0.0000, 0.0000)
            ( 0.0000,  0.0286, -0.0000, 0.0000)
            ( 0.0000,  0.0000,  0.0437, 0.0000)
            (-0.0089, -0.3254,  0.0000, 1.0000)>
MESH
startGameButtonText
<Matrix 4x4 (-0.0440,  0.0000,  0.0000, 0.0000)
            ( 0.0000,  0.0440, -0.0000, 0.0000)
            ( 0.0000,  0.0000,  0.4400, 0.0000)
            (-0.0419, -0.0800,  0.0000, 1.0000)>
MESH
controlsButtonText
<Matrix 4x4 (-0.0440,  0.0000,  0.0000, 0.0000)
            ( 0.0000,  0.0440, -0.0000, 0.0000)
            ( 0.0000,  0.0000,  0.4400, 0.0000)
            (-0.0322, -0.2001,  0.0000, 1.0000)>
MESH
ExitButtonText
<Matrix 4x4 (-0.0440,  0.0000,  0.0000, 0.0000)
            ( 0.0000,  0.0440, -0.0000, 0.0000)
            ( 0.0000,  0.0000,  0.4400, 0.0000)
            (-0.0153, -0.3337,  0.0000, 1.0000)>
