# Game Level Exporter v1.3
MESH
Arch
<Matrix 4x4 (-1.0000, 0.0000,  0.0000, 0.0000)
            ( 0.0000, 1.0000, -0.0000, 0.0000)
            ( 0.0000, 0.0000,  1.0000, 0.0000)
            ( 0.2864, 0.5799, -9.4154, 1.0000)>
MESH
Chest_Gold
<Matrix 4x4 (-2.4750, -0.0000,  0.9773, 0.0000)
            (-0.0000,  2.6609,  0.0000, 0.0000)
            ( 0.9773, -0.0000,  2.4750, 0.0000)
            (-8.7232,  0.6185, -2.9172, 1.0000)>
MESH
Floor_Modular.001
<Matrix 4x4 (-1.0000, 0.0000,  0.0000, 0.0000)
            ( 0.0000, 1.0000, -0.0000, 0.0000)
            ( 0.0000, 0.0000,  1.0000, 0.0000)
            (-2.7803, 0.5390, -8.6064, 1.0000)>
MESH
Floor_Modular.002
<Matrix 4x4 (-1.0000,  0.0000,  0.0000, 0.0000)
            ( 0.0000,  1.0000,  0.0000, 0.0000)
            ( 0.0000, -0.0000,  1.0000, 0.0000)
            (-4.7520,  0.5390, -8.6258, 1.0000)>
MESH
Floor_Modular.003
<Matrix 4x4 (-1.0000,  0.0000,  0.0000, 0.0000)
            ( 0.0000,  1.0000,  0.0000, 0.0000)
            ( 0.0000, -0.0000,  1.0000, 0.0000)
            (-2.7800,  0.5390, -6.6058, 1.0000)>
MESH
Floor_Modular.004
<Matrix 4x4 (-1.0000,  0.0000,  0.0000, 0.0000)
            ( 0.0000,  1.0000,  0.0000, 0.0000)
            ( 0.0000, -0.0000,  1.0000, 0.0000)
            (-4.7517,  0.5390, -6.6253, 1.0000)>
MESH
Floor_Modular.005
<Matrix 4x4 (-1.0000,  0.0000,  0.0000, 0.0000)
            ( 0.0000,  1.0000,  0.0000, 0.0000)
            ( 0.0000, -0.0000,  1.0000, 0.0000)
            ( 1.1631,  0.5390, -8.5870, 1.0000)>
MESH
Floor_Modular.006
<Matrix 4x4 (-1.0000,  0.0000,  0.0000, 0.0000)
            ( 0.0000,  1.0000,  0.0000, 0.0000)
            ( 0.0000, -0.0000,  1.0000, 0.0000)
            (-0.8086,  0.5390, -8.6064, 1.0000)>
MESH
Floor_Modular.007
<Matrix 4x4 (-1.0000,  0.0000,  0.0000, 0.0000)
            ( 0.0000,  1.0000,  0.0000, 0.0000)
            ( 0.0000, -0.0000,  1.0000, 0.0000)
            ( 1.1634,  0.5390, -6.5864, 1.0000)>
MESH
Floor_Modular.008
<Matrix 4x4 (-1.0000,  0.0000,  0.0000, 0.0000)
            ( 0.0000,  1.0000,  0.0000, 0.0000)
            ( 0.0000, -0.0000,  1.0000, 0.0000)
            (-0.8083,  0.5390, -6.6058, 1.0000)>
MESH
Floor_Modular.009
<Matrix 4x4 (-1.0000,  0.0000,  0.0000, 0.0000)
            ( 0.0000,  1.0000,  0.0000, 0.0000)
            ( 0.0000, -0.0000,  1.0000, 0.0000)
            ( 5.1395,  0.5390, -8.5881, 1.0000)>
MESH
Floor_Modular.010
<Matrix 4x4 (-1.0000,  0.0000,  0.0000, 0.0000)
            ( 0.0000,  1.0000,  0.0000, 0.0000)
            ( 0.0000, -0.0000,  1.0000, 0.0000)
            ( 3.1679,  0.5390, -8.6075, 1.0000)>
MESH
Floor_Modular.011
<Matrix 4x4 (-1.0000,  0.0000,  0.0000, 0.0000)
            ( 0.0000,  1.0000,  0.0000, 0.0000)
            ( 0.0000, -0.0000,  1.0000, 0.0000)
            ( 5.1398,  0.5390, -6.5875, 1.0000)>
MESH
Floor_Modular.012
<Matrix 4x4 (-1.0000,  0.0000,  0.0000, 0.0000)
            ( 0.0000,  1.0000,  0.0000, 0.0000)
            ( 0.0000, -0.0000,  1.0000, 0.0000)
            ( 3.1682,  0.5390, -6.6069, 1.0000)>
MESH
Floor_Modular.013
<Matrix 4x4 (-1.0000,  0.0000,  0.0000, 0.0000)
            ( 0.0000,  1.0000,  0.0000, 0.0000)
            ( 0.0000, -0.0000,  1.0000, 0.0000)
            ( 9.0829,  0.5390, -8.5686, 1.0000)>
MESH
Floor_Modular.014
<Matrix 4x4 (-1.0000,  0.0000,  0.0000, 0.0000)
            ( 0.0000,  1.0000,  0.0000, 0.0000)
            ( 0.0000, -0.0000,  1.0000, 0.0000)
            ( 7.1112,  0.5390, -8.5881, 1.0000)>
MESH
Floor_Modular.015
<Matrix 4x4 (-1.0000,  0.0000,  0.0000, 0.0000)
            ( 0.0000,  1.0000,  0.0000, 0.0000)
            ( 0.0000, -0.0000,  1.0000, 0.0000)
            ( 9.0832,  0.5390, -6.5681, 1.0000)>
MESH
Floor_Modular.016
<Matrix 4x4 (-1.0000,  0.0000,  0.0000, 0.0000)
            ( 0.0000,  1.0000,  0.0000, 0.0000)
            ( 0.0000, -0.0000,  1.0000, 0.0000)
            ( 7.1115,  0.5390, -6.5875, 1.0000)>
MESH
Floor_Modular.017
<Matrix 4x4 ( -1.0000,  0.0000,  0.0000, 0.0000)
            (  0.0000,  1.0000,  0.0000, 0.0000)
            (  0.0000, -0.0000,  1.0000, 0.0000)
            (-10.7218,  0.5390, -8.6456, 1.0000)>
MESH
Floor_Modular.018
<Matrix 4x4 ( -1.0000,  0.0000,  0.0000, 0.0000)
            (  0.0000,  1.0000,  0.0000, 0.0000)
            (  0.0000, -0.0000,  1.0000, 0.0000)
            (-12.6934,  0.5390, -8.6650, 1.0000)>
MESH
Floor_Modular.019
<Matrix 4x4 ( -1.0000,  0.0000,  0.0000, 0.0000)
            (  0.0000,  1.0000,  0.0000, 0.0000)
            (  0.0000, -0.0000,  1.0000, 0.0000)
            (-10.7215,  0.5390, -6.6450, 1.0000)>
MESH
Floor_Modular.020
<Matrix 4x4 ( -1.0000,  0.0000,  0.0000, 0.0000)
            (  0.0000,  1.0000,  0.0000, 0.0000)
            (  0.0000, -0.0000,  1.0000, 0.0000)
            (-12.6931,  0.5390, -6.6644, 1.0000)>
MESH
Floor_Modular.021
<Matrix 4x4 (-1.0000,  0.0000,  0.0000, 0.0000)
            ( 0.0000,  1.0000,  0.0000, 0.0000)
            ( 0.0000, -0.0000,  1.0000, 0.0000)
            (-6.7784,  0.5390, -8.6261, 1.0000)>
MESH
Floor_Modular.022
<Matrix 4x4 (-1.0000,  0.0000,  0.0000, 0.0000)
            ( 0.0000,  1.0000,  0.0000, 0.0000)
            ( 0.0000, -0.0000,  1.0000, 0.0000)
            (-8.7501,  0.5390, -8.6456, 1.0000)>
MESH
Floor_Modular.023
<Matrix 4x4 (-1.0000,  0.0000,  0.0000, 0.0000)
            ( 0.0000,  1.0000,  0.0000, 0.0000)
            ( 0.0000, -0.0000,  1.0000, 0.0000)
            (-6.7781,  0.5390, -6.6256, 1.0000)>
MESH
Floor_Modular.024
<Matrix 4x4 (-1.0000,  0.0000,  0.0000, 0.0000)
            ( 0.0000,  1.0000,  0.0000, 0.0000)
            ( 0.0000, -0.0000,  1.0000, 0.0000)
            (-8.7498,  0.5390, -6.6450, 1.0000)>
MESH
Floor_Modular.025
<Matrix 4x4 (-1.0000,  0.0000,  0.0000, 0.0000)
            ( 0.0000,  1.0000,  0.0000, 0.0000)
            ( 0.0000, -0.0000,  1.0000, 0.0000)
            (-2.7803,  0.5390, -4.6208, 1.0000)>
MESH
Floor_Modular.026
<Matrix 4x4 (-1.0000,  0.0000,  0.0000, 0.0000)
            ( 0.0000,  1.0000,  0.0000, 0.0000)
            ( 0.0000, -0.0000,  1.0000, 0.0000)
            (-4.7520,  0.5390, -4.6402, 1.0000)>
MESH
Floor_Modular.027
<Matrix 4x4 (-1.0000,  0.0000,  0.0000, 0.0000)
            ( 0.0000,  1.0000,  0.0000, 0.0000)
            ( 0.0000, -0.0000,  1.0000, 0.0000)
            (-2.7800,  0.5390, -2.6202, 1.0000)>
MESH
Floor_Modular.028
<Matrix 4x4 (-1.0000,  0.0000,  0.0000, 0.0000)
            ( 0.0000,  1.0000,  0.0000, 0.0000)
            ( 0.0000, -0.0000,  1.0000, 0.0000)
            (-4.7517,  0.5390, -2.6396, 1.0000)>
MESH
Floor_Modular.029
<Matrix 4x4 (-1.0000,  0.0000,  0.0000, 0.0000)
            ( 0.0000,  1.0000,  0.0000, 0.0000)
            ( 0.0000, -0.0000,  1.0000, 0.0000)
            ( 1.1631,  0.5390, -4.6013, 1.0000)>
MESH
Floor_Modular.030
<Matrix 4x4 (-1.0000,  0.0000,  0.0000, 0.0000)
            ( 0.0000,  1.0000,  0.0000, 0.0000)
            ( 0.0000, -0.0000,  1.0000, 0.0000)
            (-0.8086,  0.5390, -4.6208, 1.0000)>
MESH
Floor_Modular.031
<Matrix 4x4 (-1.0000,  0.0000,  0.0000, 0.0000)
            ( 0.0000,  1.0000,  0.0000, 0.0000)
            ( 0.0000, -0.0000,  1.0000, 0.0000)
            ( 1.1634,  0.5390, -2.6008, 1.0000)>
MESH
Floor_Modular.032
<Matrix 4x4 (-1.0000,  0.0000,  0.0000, 0.0000)
            ( 0.0000,  1.0000,  0.0000, 0.0000)
            ( 0.0000, -0.0000,  1.0000, 0.0000)
            (-0.8083,  0.5390, -2.6202, 1.0000)>
MESH
Floor_Modular.033
<Matrix 4x4 (-1.0000,  0.0000,  0.0000, 0.0000)
            ( 0.0000,  1.0000,  0.0000, 0.0000)
            ( 0.0000, -0.0000,  1.0000, 0.0000)
            ( 5.1395,  0.5390, -4.6024, 1.0000)>
MESH
Floor_Modular.034
<Matrix 4x4 (-1.0000,  0.0000,  0.0000, 0.0000)
            ( 0.0000,  1.0000,  0.0000, 0.0000)
            ( 0.0000, -0.0000,  1.0000, 0.0000)
            ( 3.1679,  0.5390, -4.6219, 1.0000)>
MESH
Floor_Modular.035
<Matrix 4x4 (-1.0000,  0.0000,  0.0000, 0.0000)
            ( 0.0000,  1.0000,  0.0000, 0.0000)
            ( 0.0000, -0.0000,  1.0000, 0.0000)
            ( 5.1398,  0.5390, -2.6019, 1.0000)>
MESH
Floor_Modular.036
<Matrix 4x4 (-1.0000,  0.0000,  0.0000, 0.0000)
            ( 0.0000,  1.0000,  0.0000, 0.0000)
            ( 0.0000, -0.0000,  1.0000, 0.0000)
            ( 3.1682,  0.5390, -2.6213, 1.0000)>
MESH
Floor_Modular.037
<Matrix 4x4 (-1.0000,  0.0000,  0.0000, 0.0000)
            ( 0.0000,  1.0000,  0.0000, 0.0000)
            ( 0.0000, -0.0000,  1.0000, 0.0000)
            ( 9.0829,  0.5390, -4.5830, 1.0000)>
MESH
Floor_Modular.038
<Matrix 4x4 (-1.0000,  0.0000,  0.0000, 0.0000)
            ( 0.0000,  1.0000,  0.0000, 0.0000)
            ( 0.0000, -0.0000,  1.0000, 0.0000)
            ( 7.1112,  0.5390, -4.6024, 1.0000)>
MESH
Floor_Modular.039
<Matrix 4x4 (-1.0000,  0.0000,  0.0000, 0.0000)
            ( 0.0000,  1.0000,  0.0000, 0.0000)
            ( 0.0000, -0.0000,  1.0000, 0.0000)
            ( 9.0832,  0.5390, -2.5824, 1.0000)>
MESH
Floor_Modular.040
<Matrix 4x4 (-1.0000,  0.0000,  0.0000, 0.0000)
            ( 0.0000,  1.0000,  0.0000, 0.0000)
            ( 0.0000, -0.0000,  1.0000, 0.0000)
            ( 7.1115,  0.5390, -2.6019, 1.0000)>
MESH
Floor_Modular.041
<Matrix 4x4 ( -1.0000,  0.0000,  0.0000, 0.0000)
            (  0.0000,  1.0000,  0.0000, 0.0000)
            (  0.0000, -0.0000,  1.0000, 0.0000)
            (-10.7218,  0.5390, -4.6599, 1.0000)>
MESH
Floor_Modular.042
<Matrix 4x4 ( -1.0000,  0.0000,  0.0000, 0.0000)
            (  0.0000,  1.0000,  0.0000, 0.0000)
            (  0.0000, -0.0000,  1.0000, 0.0000)
            (-12.6934,  0.5390, -4.6794, 1.0000)>
MESH
Floor_Modular.043
<Matrix 4x4 ( -1.0000,  0.0000,  0.0000, 0.0000)
            (  0.0000,  1.0000,  0.0000, 0.0000)
            (  0.0000, -0.0000,  1.0000, 0.0000)
            (-10.7215,  0.5390, -2.6594, 1.0000)>
MESH
Floor_Modular.044
<Matrix 4x4 ( -1.0000,  0.0000,  0.0000, 0.0000)
            (  0.0000,  1.0000,  0.0000, 0.0000)
            (  0.0000, -0.0000,  1.0000, 0.0000)
            (-12.6931,  0.5390, -2.6788, 1.0000)>
MESH
Floor_Modular.045
<Matrix 4x4 (-1.0000,  0.0000,  0.0000, 0.0000)
            ( 0.0000,  1.0000,  0.0000, 0.0000)
            ( 0.0000, -0.0000,  1.0000, 0.0000)
            (-6.7784,  0.5390, -4.6405, 1.0000)>
MESH
Floor_Modular.046
<Matrix 4x4 (-1.0000,  0.0000,  0.0000, 0.0000)
            ( 0.0000,  1.0000,  0.0000, 0.0000)
            ( 0.0000, -0.0000,  1.0000, 0.0000)
            (-8.7501,  0.5390, -4.6599, 1.0000)>
MESH
Floor_Modular.047
<Matrix 4x4 (-1.0000,  0.0000,  0.0000, 0.0000)
            ( 0.0000,  1.0000,  0.0000, 0.0000)
            ( 0.0000, -0.0000,  1.0000, 0.0000)
            (-6.7781,  0.5390, -2.6399, 1.0000)>
MESH
Floor_Modular.048
<Matrix 4x4 (-1.0000,  0.0000,  0.0000, 0.0000)
            ( 0.0000,  1.0000,  0.0000, 0.0000)
            ( 0.0000, -0.0000,  1.0000, 0.0000)
            (-8.7498,  0.5390, -2.6594, 1.0000)>
MESH
Floor_Modular.049
<Matrix 4x4 (-1.0000,  0.0000,  0.0000, 0.0000)
            ( 0.0000,  1.0000,  0.0000, 0.0000)
            ( 0.0000, -0.0000,  1.0000, 0.0000)
            (-2.7803,  0.5390, -0.6167, 1.0000)>
MESH
Floor_Modular.050
<Matrix 4x4 (-1.0000,  0.0000,  0.0000, 0.0000)
            ( 0.0000,  1.0000,  0.0000, 0.0000)
            ( 0.0000, -0.0000,  1.0000, 0.0000)
            (-4.7520,  0.5390, -0.6362, 1.0000)>
MESH
Floor_Modular.051
<Matrix 4x4 (-1.0000,  0.0000, 0.0000, 0.0000)
            ( 0.0000,  1.0000, 0.0000, 0.0000)
            ( 0.0000, -0.0000, 1.0000, 0.0000)
            (-2.7800,  0.5390, 1.3839, 1.0000)>
MESH
Floor_Modular.052
<Matrix 4x4 (-1.0000,  0.0000, 0.0000, 0.0000)
            ( 0.0000,  1.0000, 0.0000, 0.0000)
            ( 0.0000, -0.0000, 1.0000, 0.0000)
            (-4.7517,  0.5390, 1.3644, 1.0000)>
MESH
Floor_Modular.053
<Matrix 4x4 (-1.0000,  0.0000,  0.0000, 0.0000)
            ( 0.0000,  1.0000,  0.0000, 0.0000)
            ( 0.0000, -0.0000,  1.0000, 0.0000)
            ( 1.1631,  0.5390, -0.5973, 1.0000)>
MESH
Floor_Modular.054
<Matrix 4x4 (-1.0000,  0.0000,  0.0000, 0.0000)
            ( 0.0000,  1.0000,  0.0000, 0.0000)
            ( 0.0000, -0.0000,  1.0000, 0.0000)
            (-0.8086,  0.5390, -0.6167, 1.0000)>
MESH
Floor_Modular.055
<Matrix 4x4 (-1.0000,  0.0000, 0.0000, 0.0000)
            ( 0.0000,  1.0000, 0.0000, 0.0000)
            ( 0.0000, -0.0000, 1.0000, 0.0000)
            ( 1.1634,  0.5390, 1.4033, 1.0000)>
MESH
Floor_Modular.056
<Matrix 4x4 (-1.0000,  0.0000, 0.0000, 0.0000)
            ( 0.0000,  1.0000, 0.0000, 0.0000)
            ( 0.0000, -0.0000, 1.0000, 0.0000)
            (-0.8083,  0.5390, 1.3839, 1.0000)>
MESH
Floor_Modular.057
<Matrix 4x4 (-1.0000,  0.0000,  0.0000, 0.0000)
            ( 0.0000,  1.0000,  0.0000, 0.0000)
            ( 0.0000, -0.0000,  1.0000, 0.0000)
            ( 5.1395,  0.5390, -0.5984, 1.0000)>
MESH
Floor_Modular.058
<Matrix 4x4 (-1.0000,  0.0000,  0.0000, 0.0000)
            ( 0.0000,  1.0000,  0.0000, 0.0000)
            ( 0.0000, -0.0000,  1.0000, 0.0000)
            ( 3.1679,  0.5390, -0.6178, 1.0000)>
MESH
Floor_Modular.059
<Matrix 4x4 (-1.0000,  0.0000, 0.0000, 0.0000)
            ( 0.0000,  1.0000, 0.0000, 0.0000)
            ( 0.0000, -0.0000, 1.0000, 0.0000)
            ( 5.1398,  0.5390, 1.4022, 1.0000)>
MESH
Floor_Modular.060
<Matrix 4x4 (-1.0000,  0.0000, 0.0000, 0.0000)
            ( 0.0000,  1.0000, 0.0000, 0.0000)
            ( 0.0000, -0.0000, 1.0000, 0.0000)
            ( 3.1682,  0.5390, 1.3827, 1.0000)>
MESH
Floor_Modular.061
<Matrix 4x4 (-1.0000,  0.0000,  0.0000, 0.0000)
            ( 0.0000,  1.0000,  0.0000, 0.0000)
            ( 0.0000, -0.0000,  1.0000, 0.0000)
            ( 9.0829,  0.5390, -0.5790, 1.0000)>
MESH
Floor_Modular.062
<Matrix 4x4 (-1.0000,  0.0000,  0.0000, 0.0000)
            ( 0.0000,  1.0000,  0.0000, 0.0000)
            ( 0.0000, -0.0000,  1.0000, 0.0000)
            ( 7.1112,  0.5390, -0.5984, 1.0000)>
MESH
Floor_Modular.063
<Matrix 4x4 (-1.0000,  0.0000, 0.0000, 0.0000)
            ( 0.0000,  1.0000, 0.0000, 0.0000)
            ( 0.0000, -0.0000, 1.0000, 0.0000)
            ( 9.0832,  0.5390, 1.4216, 1.0000)>
MESH
Floor_Modular.064
<Matrix 4x4 (-1.0000,  0.0000, 0.0000, 0.0000)
            ( 0.0000,  1.0000, 0.0000, 0.0000)
            ( 0.0000, -0.0000, 1.0000, 0.0000)
            ( 7.1115,  0.5390, 1.4022, 1.0000)>
MESH
Floor_Modular.065
<Matrix 4x4 ( -1.0000,  0.0000,  0.0000, 0.0000)
            (  0.0000,  1.0000,  0.0000, 0.0000)
            (  0.0000, -0.0000,  1.0000, 0.0000)
            (-10.7218,  0.5390, -0.6559, 1.0000)>
MESH
Floor_Modular.066
<Matrix 4x4 ( -1.0000,  0.0000,  0.0000, 0.0000)
            (  0.0000,  1.0000,  0.0000, 0.0000)
            (  0.0000, -0.0000,  1.0000, 0.0000)
            (-12.6934,  0.5390, -0.6753, 1.0000)>
MESH
Floor_Modular.067
<Matrix 4x4 ( -1.0000,  0.0000, 0.0000, 0.0000)
            (  0.0000,  1.0000, 0.0000, 0.0000)
            (  0.0000, -0.0000, 1.0000, 0.0000)
            (-10.7215,  0.5390, 1.3447, 1.0000)>
MESH
Floor_Modular.068
<Matrix 4x4 ( -1.0000,  0.0000, 0.0000, 0.0000)
            (  0.0000,  1.0000, 0.0000, 0.0000)
            (  0.0000, -0.0000, 1.0000, 0.0000)
            (-12.6931,  0.5390, 1.3253, 1.0000)>
MESH
Floor_Modular.069
<Matrix 4x4 (-1.0000,  0.0000,  0.0000, 0.0000)
            ( 0.0000,  1.0000,  0.0000, 0.0000)
            ( 0.0000, -0.0000,  1.0000, 0.0000)
            (-6.7784,  0.5390, -0.6365, 1.0000)>
MESH
Floor_Modular.070
<Matrix 4x4 (-1.0000,  0.0000,  0.0000, 0.0000)
            ( 0.0000,  1.0000,  0.0000, 0.0000)
            ( 0.0000, -0.0000,  1.0000, 0.0000)
            (-8.7501,  0.5390, -0.6559, 1.0000)>
MESH
Floor_Modular.071
<Matrix 4x4 (-1.0000,  0.0000, 0.0000, 0.0000)
            ( 0.0000,  1.0000, 0.0000, 0.0000)
            ( 0.0000, -0.0000, 1.0000, 0.0000)
            (-6.7781,  0.5390, 1.3641, 1.0000)>
MESH
Floor_Modular.072
<Matrix 4x4 (-1.0000,  0.0000, 0.0000, 0.0000)
            ( 0.0000,  1.0000, 0.0000, 0.0000)
            ( 0.0000, -0.0000, 1.0000, 0.0000)
            (-8.7498,  0.5390, 1.3447, 1.0000)>
MESH
Wall_Modular
<Matrix 4x4 ( -1.0000, 0.0000,  0.0000, 0.0000)
            (  0.0000, 1.0000, -0.0000, 0.0000)
            (  0.0000, 0.0000,  1.0000, 0.0000)
            (-12.5788, 1.6320, -9.4581, 1.0000)>
MESH
Wall_Modular.001
<Matrix 4x4 ( -1.0000,  0.0000,  0.0000, 0.0000)
            (  0.0000,  1.0000,  0.0000, 0.0000)
            (  0.0000, -0.0000,  1.0000, 0.0000)
            (-10.6089,  1.6320, -9.4581, 1.0000)>
MESH
Wall_Modular.002
<Matrix 4x4 ( -1.0000,  0.0000,  0.0000, 0.0000)
            (  0.0000,  1.0000,  0.0000, 0.0000)
            (  0.0000, -0.0000,  1.0000, 0.0000)
            (-12.5788,  3.6107, -9.4581, 1.0000)>
MESH
Wall_Modular.003
<Matrix 4x4 ( -1.0000,  0.0000,  0.0000, 0.0000)
            (  0.0000,  1.0000,  0.0000, 0.0000)
            (  0.0000, -0.0000,  1.0000, 0.0000)
            (-10.6089,  3.6107, -9.4581, 1.0000)>
MESH
Wall_Modular.004
<Matrix 4x4 (-1.0000,  0.0000,  0.0000, 0.0000)
            ( 0.0000,  1.0000,  0.0000, 0.0000)
            ( 0.0000, -0.0000,  1.0000, 0.0000)
            (-8.6101,  1.6320, -9.4581, 1.0000)>
MESH
Wall_Modular.005
<Matrix 4x4 (-1.0000,  0.0000,  0.0000, 0.0000)
            ( 0.0000,  1.0000,  0.0000, 0.0000)
            ( 0.0000, -0.0000,  1.0000, 0.0000)
            (-6.6403,  1.6320, -9.4581, 1.0000)>
MESH
Wall_Modular.006
<Matrix 4x4 (-1.0000,  0.0000,  0.0000, 0.0000)
            ( 0.0000,  1.0000,  0.0000, 0.0000)
            ( 0.0000, -0.0000,  1.0000, 0.0000)
            (-8.6101,  3.6107, -9.4581, 1.0000)>
MESH
Wall_Modular.007
<Matrix 4x4 (-1.0000,  0.0000,  0.0000, 0.0000)
            ( 0.0000,  1.0000,  0.0000, 0.0000)
            ( 0.0000, -0.0000,  1.0000, 0.0000)
            (-6.6403,  3.6107, -9.4581, 1.0000)>
MESH
Wall_Modular.008
<Matrix 4x4 ( -1.0000,  0.0000,  0.0000, 0.0000)
            (  0.0000,  1.0000,  0.0000, 0.0000)
            (  0.0000, -0.0000,  1.0000, 0.0000)
            (-12.5788,  5.6159, -9.4581, 1.0000)>
MESH
Wall_Modular.009
<Matrix 4x4 ( -1.0000,  0.0000,  0.0000, 0.0000)
            (  0.0000,  1.0000,  0.0000, 0.0000)
            (  0.0000, -0.0000,  1.0000, 0.0000)
            (-10.6089,  5.6159, -9.4581, 1.0000)>
MESH
Wall_Modular.010
<Matrix 4x4 ( -1.0000,  0.0000,  0.0000, 0.0000)
            (  0.0000,  1.0000,  0.0000, 0.0000)
            (  0.0000, -0.0000,  1.0000, 0.0000)
            (-12.5788,  7.5945, -9.4581, 1.0000)>
MESH
Wall_Modular.011
<Matrix 4x4 ( -1.0000,  0.0000,  0.0000, 0.0000)
            (  0.0000,  1.0000,  0.0000, 0.0000)
            (  0.0000, -0.0000,  1.0000, 0.0000)
            (-10.6089,  7.5945, -9.4581, 1.0000)>
MESH
Wall_Modular.012
<Matrix 4x4 (-1.0000,  0.0000,  0.0000, 0.0000)
            ( 0.0000,  1.0000,  0.0000, 0.0000)
            ( 0.0000, -0.0000,  1.0000, 0.0000)
            (-8.6101,  5.6159, -9.4581, 1.0000)>
MESH
Wall_Modular.013
<Matrix 4x4 (-1.0000,  0.0000,  0.0000, 0.0000)
            ( 0.0000,  1.0000,  0.0000, 0.0000)
            ( 0.0000, -0.0000,  1.0000, 0.0000)
            (-6.6403,  5.6159, -9.4581, 1.0000)>
MESH
Wall_Modular.014
<Matrix 4x4 (-1.0000,  0.0000,  0.0000, 0.0000)
            ( 0.0000,  1.0000,  0.0000, 0.0000)
            ( 0.0000, -0.0000,  1.0000, 0.0000)
            (-8.6101,  7.5945, -9.4581, 1.0000)>
MESH
Wall_Modular.015
<Matrix 4x4 (-1.0000,  0.0000,  0.0000, 0.0000)
            ( 0.0000,  1.0000,  0.0000, 0.0000)
            ( 0.0000, -0.0000,  1.0000, 0.0000)
            (-6.6403,  7.5945, -9.4581, 1.0000)>
MESH
Wall_Modular.016
<Matrix 4x4 (-1.0000,  0.0000,  0.0000, 0.0000)
            ( 0.0000,  1.0000,  0.0000, 0.0000)
            ( 0.0000, -0.0000,  1.0000, 0.0000)
            (-4.6434,  1.6320, -9.4581, 1.0000)>
MESH
Wall_Modular.017
<Matrix 4x4 (-1.0000,  0.0000,  0.0000, 0.0000)
            ( 0.0000,  1.0000,  0.0000, 0.0000)
            ( 0.0000, -0.0000,  1.0000, 0.0000)
            (-2.6735,  1.6320, -9.4581, 1.0000)>
MESH
Wall_Modular.018
<Matrix 4x4 (-1.0000,  0.0000,  0.0000, 0.0000)
            ( 0.0000,  1.0000,  0.0000, 0.0000)
            ( 0.0000, -0.0000,  1.0000, 0.0000)
            (-4.6434,  3.6107, -9.4581, 1.0000)>
MESH
Wall_Modular.019
<Matrix 4x4 (-1.0000,  0.0000,  0.0000, 0.0000)
            ( 0.0000,  1.0000,  0.0000, 0.0000)
            ( 0.0000, -0.0000,  1.0000, 0.0000)
            (-2.6735,  3.6107, -9.4581, 1.0000)>
MESH
Wall_Modular.024
<Matrix 4x4 (-1.0000,  0.0000,  0.0000, 0.0000)
            ( 0.0000,  1.0000,  0.0000, 0.0000)
            ( 0.0000, -0.0000,  1.0000, 0.0000)
            (-4.6434,  5.6159, -9.4581, 1.0000)>
MESH
Wall_Modular.025
<Matrix 4x4 (-1.0000,  0.0000,  0.0000, 0.0000)
            ( 0.0000,  1.0000,  0.0000, 0.0000)
            ( 0.0000, -0.0000,  1.0000, 0.0000)
            (-2.6735,  5.6159, -9.4581, 1.0000)>
MESH
Wall_Modular.026
<Matrix 4x4 (-1.0000,  0.0000,  0.0000, 0.0000)
            ( 0.0000,  1.0000,  0.0000, 0.0000)
            ( 0.0000, -0.0000,  1.0000, 0.0000)
            (-4.6434,  7.5945, -9.4581, 1.0000)>
MESH
Wall_Modular.027
<Matrix 4x4 (-1.0000,  0.0000,  0.0000, 0.0000)
            ( 0.0000,  1.0000,  0.0000, 0.0000)
            ( 0.0000, -0.0000,  1.0000, 0.0000)
            (-2.6735,  7.5945, -9.4581, 1.0000)>
MESH
Wall_Modular.028
<Matrix 4x4 (-1.0000,  0.0000,  0.0000, 0.0000)
            ( 0.0000,  1.0000,  0.0000, 0.0000)
            ( 0.0000, -0.0000,  1.0000, 0.0000)
            (-0.6747,  5.6159, -9.4581, 1.0000)>
MESH
Wall_Modular.029
<Matrix 4x4 (-1.0000,  0.0000,  0.0000, 0.0000)
            ( 0.0000,  1.0000,  0.0000, 0.0000)
            ( 0.0000, -0.0000,  1.0000, 0.0000)
            ( 1.2951,  5.6159, -9.4581, 1.0000)>
MESH
Wall_Modular.030
<Matrix 4x4 (-1.0000,  0.0000,  0.0000, 0.0000)
            ( 0.0000,  1.0000,  0.0000, 0.0000)
            ( 0.0000, -0.0000,  1.0000, 0.0000)
            (-0.6747,  7.5945, -9.4581, 1.0000)>
MESH
Wall_Modular.031
<Matrix 4x4 (-1.0000,  0.0000,  0.0000, 0.0000)
            ( 0.0000,  1.0000,  0.0000, 0.0000)
            ( 0.0000, -0.0000,  1.0000, 0.0000)
            ( 1.2951,  7.5945, -9.4581, 1.0000)>
MESH
Wall_Modular.032
<Matrix 4x4 (-1.0000,  0.0000,  0.0000, 0.0000)
            ( 0.0000,  1.0000,  0.0000, 0.0000)
            ( 0.0000, -0.0000,  1.0000, 0.0000)
            ( 3.3072,  1.6320, -9.4581, 1.0000)>
MESH
Wall_Modular.033
<Matrix 4x4 (-1.0000,  0.0000,  0.0000, 0.0000)
            ( 0.0000,  1.0000,  0.0000, 0.0000)
            ( 0.0000, -0.0000,  1.0000, 0.0000)
            ( 5.2771,  1.6320, -9.4581, 1.0000)>
MESH
Wall_Modular.034
<Matrix 4x4 (-1.0000,  0.0000,  0.0000, 0.0000)
            ( 0.0000,  1.0000,  0.0000, 0.0000)
            ( 0.0000, -0.0000,  1.0000, 0.0000)
            ( 3.3072,  3.6107, -9.4581, 1.0000)>
MESH
Wall_Modular.035
<Matrix 4x4 (-1.0000,  0.0000,  0.0000, 0.0000)
            ( 0.0000,  1.0000,  0.0000, 0.0000)
            ( 0.0000, -0.0000,  1.0000, 0.0000)
            ( 5.2771,  3.6107, -9.4581, 1.0000)>
MESH
Wall_Modular.036
<Matrix 4x4 (-1.0000,  0.0000,  0.0000, 0.0000)
            ( 0.0000,  1.0000,  0.0000, 0.0000)
            ( 0.0000, -0.0000,  1.0000, 0.0000)
            ( 7.2758,  1.6320, -9.4581, 1.0000)>
MESH
Wall_Modular.037
<Matrix 4x4 (-1.0000,  0.0000,  0.0000, 0.0000)
            ( 0.0000,  1.0000,  0.0000, 0.0000)
            ( 0.0000, -0.0000,  1.0000, 0.0000)
            ( 9.2457,  1.6320, -9.4581, 1.0000)>
MESH
Wall_Modular.038
<Matrix 4x4 (-1.0000,  0.0000,  0.0000, 0.0000)
            ( 0.0000,  1.0000,  0.0000, 0.0000)
            ( 0.0000, -0.0000,  1.0000, 0.0000)
            ( 7.2758,  3.6107, -9.4581, 1.0000)>
MESH
Wall_Modular.039
<Matrix 4x4 (-1.0000,  0.0000,  0.0000, 0.0000)
            ( 0.0000,  1.0000,  0.0000, 0.0000)
            ( 0.0000, -0.0000,  1.0000, 0.0000)
            ( 9.2457,  3.6107, -9.4581, 1.0000)>
MESH
Wall_Modular.040
<Matrix 4x4 (-1.0000,  0.0000,  0.0000, 0.0000)
            ( 0.0000,  1.0000,  0.0000, 0.0000)
            ( 0.0000, -0.0000,  1.0000, 0.0000)
            ( 3.3072,  5.6159, -9.4581, 1.0000)>
MESH
Wall_Modular.041
<Matrix 4x4 (-1.0000,  0.0000,  0.0000, 0.0000)
            ( 0.0000,  1.0000,  0.0000, 0.0000)
            ( 0.0000, -0.0000,  1.0000, 0.0000)
            ( 5.2771,  5.6159, -9.4581, 1.0000)>
MESH
Wall_Modular.042
<Matrix 4x4 (-1.0000,  0.0000,  0.0000, 0.0000)
            ( 0.0000,  1.0000,  0.0000, 0.0000)
            ( 0.0000, -0.0000,  1.0000, 0.0000)
            ( 3.3072,  7.5945, -9.4581, 1.0000)>
MESH
Wall_Modular.043
<Matrix 4x4 (-1.0000,  0.0000,  0.0000, 0.0000)
            ( 0.0000,  1.0000,  0.0000, 0.0000)
            ( 0.0000, -0.0000,  1.0000, 0.0000)
            ( 5.2771,  7.5945, -9.4581, 1.0000)>
MESH
Wall_Modular.044
<Matrix 4x4 (-1.0000,  0.0000,  0.0000, 0.0000)
            ( 0.0000,  1.0000,  0.0000, 0.0000)
            ( 0.0000, -0.0000,  1.0000, 0.0000)
            ( 7.2758,  5.6159, -9.4581, 1.0000)>
MESH
Wall_Modular.045
<Matrix 4x4 (-1.0000,  0.0000,  0.0000, 0.0000)
            ( 0.0000,  1.0000,  0.0000, 0.0000)
            ( 0.0000, -0.0000,  1.0000, 0.0000)
            ( 9.2457,  5.6159, -9.4581, 1.0000)>
MESH
Wall_Modular.046
<Matrix 4x4 (-1.0000,  0.0000,  0.0000, 0.0000)
            ( 0.0000,  1.0000,  0.0000, 0.0000)
            ( 0.0000, -0.0000,  1.0000, 0.0000)
            ( 7.2758,  7.5945, -9.4581, 1.0000)>
MESH
Wall_Modular.047
<Matrix 4x4 (-1.0000,  0.0000,  0.0000, 0.0000)
            ( 0.0000,  1.0000,  0.0000, 0.0000)
            ( 0.0000, -0.0000,  1.0000, 0.0000)
            ( 9.2457,  7.5945, -9.4581, 1.0000)>
MESH
Wall_Modular.020
<Matrix 4x4 ( -0.0000, -0.0000, 1.0000, 0.0000)
            (  0.0000,  1.0000, 0.0000, 0.0000)
            (  1.0000, -0.0000, 0.0000, 0.0000)
            (-13.5172,  1.6356, 1.3061, 1.0000)>
MESH
Wall_Modular.021
<Matrix 4x4 ( -0.0000, -0.0000,  1.0000, 0.0000)
            (  0.0000,  1.0000,  0.0000, 0.0000)
            (  1.0000, -0.0000,  0.0000, 0.0000)
            (-13.5172,  1.6356, -0.6638, 1.0000)>
MESH
Wall_Modular.022
<Matrix 4x4 ( -0.0000, -0.0000, 1.0000, 0.0000)
            (  0.0000,  1.0000, 0.0000, 0.0000)
            (  1.0000, -0.0000, 0.0000, 0.0000)
            (-13.5172,  3.6142, 1.3061, 1.0000)>
MESH
Wall_Modular.023
<Matrix 4x4 ( -0.0000, -0.0000,  1.0000, 0.0000)
            (  0.0000,  1.0000,  0.0000, 0.0000)
            (  1.0000, -0.0000,  0.0000, 0.0000)
            (-13.5172,  3.6142, -0.6638, 1.0000)>
MESH
Wall_Modular.048
<Matrix 4x4 ( -0.0000, -0.0000,  1.0000, 0.0000)
            (  0.0000,  1.0000,  0.0000, 0.0000)
            (  1.0000, -0.0000,  0.0000, 0.0000)
            (-13.5172,  1.6356, -2.6625, 1.0000)>
MESH
Wall_Modular.049
<Matrix 4x4 ( -0.0000, -0.0000,  1.0000, 0.0000)
            (  0.0000,  1.0000,  0.0000, 0.0000)
            (  1.0000, -0.0000,  0.0000, 0.0000)
            (-13.5172,  1.6356, -4.6324, 1.0000)>
MESH
Wall_Modular.050
<Matrix 4x4 ( -0.0000, -0.0000,  1.0000, 0.0000)
            (  0.0000,  1.0000,  0.0000, 0.0000)
            (  1.0000, -0.0000,  0.0000, 0.0000)
            (-13.5172,  3.6142, -2.6625, 1.0000)>
MESH
Wall_Modular.051
<Matrix 4x4 ( -0.0000, -0.0000,  1.0000, 0.0000)
            (  0.0000,  1.0000,  0.0000, 0.0000)
            (  1.0000, -0.0000,  0.0000, 0.0000)
            (-13.5172,  3.6142, -4.6324, 1.0000)>
MESH
Wall_Modular.052
<Matrix 4x4 ( -0.0000, -0.0000, 1.0000, 0.0000)
            (  0.0000,  1.0000, 0.0000, 0.0000)
            (  1.0000, -0.0000, 0.0000, 0.0000)
            (-13.5172,  5.6194, 1.3061, 1.0000)>
MESH
Wall_Modular.053
<Matrix 4x4 ( -0.0000, -0.0000,  1.0000, 0.0000)
            (  0.0000,  1.0000,  0.0000, 0.0000)
            (  1.0000, -0.0000,  0.0000, 0.0000)
            (-13.5172,  5.6194, -0.6638, 1.0000)>
MESH
Wall_Modular.054
<Matrix 4x4 ( -0.0000, -0.0000, 1.0000, 0.0000)
            (  0.0000,  1.0000, 0.0000, 0.0000)
            (  1.0000, -0.0000, 0.0000, 0.0000)
            (-13.5172,  7.5981, 1.3061, 1.0000)>
MESH
Wall_Modular.055
<Matrix 4x4 ( -0.0000, -0.0000,  1.0000, 0.0000)
            (  0.0000,  1.0000,  0.0000, 0.0000)
            (  1.0000, -0.0000,  0.0000, 0.0000)
            (-13.5172,  7.5981, -0.6638, 1.0000)>
MESH
Wall_Modular.056
<Matrix 4x4 ( -0.0000, -0.0000,  1.0000, 0.0000)
            (  0.0000,  1.0000,  0.0000, 0.0000)
            (  1.0000, -0.0000,  0.0000, 0.0000)
            (-13.5172,  5.6194, -2.6625, 1.0000)>
MESH
Wall_Modular.057
<Matrix 4x4 ( -0.0000, -0.0000,  1.0000, 0.0000)
            (  0.0000,  1.0000,  0.0000, 0.0000)
            (  1.0000, -0.0000,  0.0000, 0.0000)
            (-13.5172,  5.6194, -4.6324, 1.0000)>
MESH
Wall_Modular.058
<Matrix 4x4 ( -0.0000, -0.0000,  1.0000, 0.0000)
            (  0.0000,  1.0000,  0.0000, 0.0000)
            (  1.0000, -0.0000,  0.0000, 0.0000)
            (-13.5172,  7.5981, -2.6625, 1.0000)>
MESH
Wall_Modular.059
<Matrix 4x4 ( -0.0000, -0.0000,  1.0000, 0.0000)
            (  0.0000,  1.0000,  0.0000, 0.0000)
            (  1.0000, -0.0000,  0.0000, 0.0000)
            (-13.5172,  7.5981, -4.6324, 1.0000)>
MESH
Wall_Modular.060
<Matrix 4x4 ( -0.0000, -0.0000,  1.0000, 0.0000)
            (  0.0000,  1.0000,  0.0000, 0.0000)
            (  1.0000, -0.0000,  0.0000, 0.0000)
            (-13.5172,  1.6356, -6.6293, 1.0000)>
MESH
Wall_Modular.061
<Matrix 4x4 ( -0.0000, -0.0000,  1.0000, 0.0000)
            (  0.0000,  1.0000,  0.0000, 0.0000)
            (  1.0000, -0.0000,  0.0000, 0.0000)
            (-13.5172,  1.6356, -8.5992, 1.0000)>
MESH
Wall_Modular.062
<Matrix 4x4 ( -0.0000, -0.0000,  1.0000, 0.0000)
            (  0.0000,  1.0000,  0.0000, 0.0000)
            (  1.0000, -0.0000,  0.0000, 0.0000)
            (-13.5172,  3.6142, -6.6293, 1.0000)>
MESH
Wall_Modular.063
<Matrix 4x4 ( -0.0000, -0.0000,  1.0000, 0.0000)
            (  0.0000,  1.0000,  0.0000, 0.0000)
            (  1.0000, -0.0000,  0.0000, 0.0000)
            (-13.5172,  3.6142, -8.5992, 1.0000)>
MESH
Wall_Modular.064
<Matrix 4x4 ( -0.0000, -0.0000,  1.0000, 0.0000)
            (  0.0000,  1.0000,  0.0000, 0.0000)
            (  1.0000, -0.0000,  0.0000, 0.0000)
            (-13.5172,  5.6194, -6.6293, 1.0000)>
MESH
Wall_Modular.065
<Matrix 4x4 ( -0.0000, -0.0000,  1.0000, 0.0000)
            (  0.0000,  1.0000,  0.0000, 0.0000)
            (  1.0000, -0.0000,  0.0000, 0.0000)
            (-13.5172,  5.6194, -8.5992, 1.0000)>
MESH
Wall_Modular.066
<Matrix 4x4 ( -0.0000, -0.0000,  1.0000, 0.0000)
            (  0.0000,  1.0000,  0.0000, 0.0000)
            (  1.0000, -0.0000,  0.0000, 0.0000)
            (-13.5172,  7.5981, -6.6293, 1.0000)>
MESH
Wall_Modular.067
<Matrix 4x4 ( -0.0000, -0.0000,  1.0000, 0.0000)
            (  0.0000,  1.0000,  0.0000, 0.0000)
            (  1.0000, -0.0000,  0.0000, 0.0000)
            (-13.5172,  7.5981, -8.5992, 1.0000)>
MESH
Wall_Modular.068
<Matrix 4x4 (-0.0000, -0.0000, 1.0000, 0.0000)
            ( 0.0000,  1.0000, 0.0000, 0.0000)
            ( 1.0000, -0.0000, 0.0000, 0.0000)
            ( 9.8719,  1.6356, 1.3061, 1.0000)>
MESH
Wall_Modular.069
<Matrix 4x4 (-0.0000, -0.0000,  1.0000, 0.0000)
            ( 0.0000,  1.0000,  0.0000, 0.0000)
            ( 1.0000, -0.0000,  0.0000, 0.0000)
            ( 9.8719,  1.6356, -0.6638, 1.0000)>
MESH
Wall_Modular.070
<Matrix 4x4 (-0.0000, -0.0000, 1.0000, 0.0000)
            ( 0.0000,  1.0000, 0.0000, 0.0000)
            ( 1.0000, -0.0000, 0.0000, 0.0000)
            ( 9.8719,  3.6142, 1.3061, 1.0000)>
MESH
Wall_Modular.071
<Matrix 4x4 (-0.0000, -0.0000,  1.0000, 0.0000)
            ( 0.0000,  1.0000,  0.0000, 0.0000)
            ( 1.0000, -0.0000,  0.0000, 0.0000)
            ( 9.8719,  3.6142, -0.6638, 1.0000)>
MESH
Wall_Modular.072
<Matrix 4x4 (-0.0000, -0.0000,  1.0000, 0.0000)
            ( 0.0000,  1.0000,  0.0000, 0.0000)
            ( 1.0000, -0.0000,  0.0000, 0.0000)
            ( 9.8719,  1.6356, -2.6625, 1.0000)>
MESH
Wall_Modular.073
<Matrix 4x4 (-0.0000, -0.0000,  1.0000, 0.0000)
            ( 0.0000,  1.0000,  0.0000, 0.0000)
            ( 1.0000, -0.0000,  0.0000, 0.0000)
            ( 9.8719,  1.6356, -4.6324, 1.0000)>
MESH
Wall_Modular.074
<Matrix 4x4 (-0.0000, -0.0000,  1.0000, 0.0000)
            ( 0.0000,  1.0000,  0.0000, 0.0000)
            ( 1.0000, -0.0000,  0.0000, 0.0000)
            ( 9.8719,  3.6142, -2.6625, 1.0000)>
MESH
Wall_Modular.075
<Matrix 4x4 (-0.0000, -0.0000,  1.0000, 0.0000)
            ( 0.0000,  1.0000,  0.0000, 0.0000)
            ( 1.0000, -0.0000,  0.0000, 0.0000)
            ( 9.8719,  3.6142, -4.6324, 1.0000)>
MESH
Wall_Modular.076
<Matrix 4x4 (-0.0000, -0.0000, 1.0000, 0.0000)
            ( 0.0000,  1.0000, 0.0000, 0.0000)
            ( 1.0000, -0.0000, 0.0000, 0.0000)
            ( 9.8719,  5.6194, 1.3061, 1.0000)>
MESH
Wall_Modular.077
<Matrix 4x4 (-0.0000, -0.0000,  1.0000, 0.0000)
            ( 0.0000,  1.0000,  0.0000, 0.0000)
            ( 1.0000, -0.0000,  0.0000, 0.0000)
            ( 9.8719,  5.6194, -0.6638, 1.0000)>
MESH
Wall_Modular.078
<Matrix 4x4 (-0.0000, -0.0000, 1.0000, 0.0000)
            ( 0.0000,  1.0000, 0.0000, 0.0000)
            ( 1.0000, -0.0000, 0.0000, 0.0000)
            ( 9.8719,  7.5981, 1.3061, 1.0000)>
MESH
Wall_Modular.079
<Matrix 4x4 (-0.0000, -0.0000,  1.0000, 0.0000)
            ( 0.0000,  1.0000,  0.0000, 0.0000)
            ( 1.0000, -0.0000,  0.0000, 0.0000)
            ( 9.8719,  7.5981, -0.6638, 1.0000)>
MESH
Wall_Modular.080
<Matrix 4x4 (-0.0000, -0.0000,  1.0000, 0.0000)
            ( 0.0000,  1.0000,  0.0000, 0.0000)
            ( 1.0000, -0.0000,  0.0000, 0.0000)
            ( 9.8719,  5.6194, -2.6625, 1.0000)>
MESH
Wall_Modular.081
<Matrix 4x4 (-0.0000, -0.0000,  1.0000, 0.0000)
            ( 0.0000,  1.0000,  0.0000, 0.0000)
            ( 1.0000, -0.0000,  0.0000, 0.0000)
            ( 9.8719,  5.6194, -4.6324, 1.0000)>
MESH
Wall_Modular.082
<Matrix 4x4 (-0.0000, -0.0000,  1.0000, 0.0000)
            ( 0.0000,  1.0000,  0.0000, 0.0000)
            ( 1.0000, -0.0000,  0.0000, 0.0000)
            ( 9.8719,  7.5981, -2.6625, 1.0000)>
MESH
Wall_Modular.083
<Matrix 4x4 (-0.0000, -0.0000,  1.0000, 0.0000)
            ( 0.0000,  1.0000,  0.0000, 0.0000)
            ( 1.0000, -0.0000,  0.0000, 0.0000)
            ( 9.8719,  7.5981, -4.6324, 1.0000)>
MESH
Wall_Modular.084
<Matrix 4x4 (-0.0000, -0.0000,  1.0000, 0.0000)
            ( 0.0000,  1.0000,  0.0000, 0.0000)
            ( 1.0000, -0.0000,  0.0000, 0.0000)
            ( 9.8719,  1.6356, -6.6293, 1.0000)>
MESH
Wall_Modular.085
<Matrix 4x4 (-0.0000, -0.0000,  1.0000, 0.0000)
            ( 0.0000,  1.0000,  0.0000, 0.0000)
            ( 1.0000, -0.0000,  0.0000, 0.0000)
            ( 9.8719,  1.6356, -8.5992, 1.0000)>
MESH
Wall_Modular.086
<Matrix 4x4 (-0.0000, -0.0000,  1.0000, 0.0000)
            ( 0.0000,  1.0000,  0.0000, 0.0000)
            ( 1.0000, -0.0000,  0.0000, 0.0000)
            ( 9.8719,  3.6142, -6.6293, 1.0000)>
MESH
Wall_Modular.087
<Matrix 4x4 (-0.0000, -0.0000,  1.0000, 0.0000)
            ( 0.0000,  1.0000,  0.0000, 0.0000)
            ( 1.0000, -0.0000,  0.0000, 0.0000)
            ( 9.8719,  3.6142, -8.5992, 1.0000)>
MESH
Wall_Modular.088
<Matrix 4x4 (-0.0000, -0.0000,  1.0000, 0.0000)
            ( 0.0000,  1.0000,  0.0000, 0.0000)
            ( 1.0000, -0.0000,  0.0000, 0.0000)
            ( 9.8719,  5.6194, -6.6293, 1.0000)>
MESH
Wall_Modular.089
<Matrix 4x4 (-0.0000, -0.0000,  1.0000, 0.0000)
            ( 0.0000,  1.0000,  0.0000, 0.0000)
            ( 1.0000, -0.0000,  0.0000, 0.0000)
            ( 9.8719,  5.6194, -8.5992, 1.0000)>
MESH
Wall_Modular.090
<Matrix 4x4 (-0.0000, -0.0000,  1.0000, 0.0000)
            ( 0.0000,  1.0000,  0.0000, 0.0000)
            ( 1.0000, -0.0000,  0.0000, 0.0000)
            ( 9.8719,  7.5981, -6.6293, 1.0000)>
MESH
Wall_Modular.091
<Matrix 4x4 (-0.0000, -0.0000,  1.0000, 0.0000)
            ( 0.0000,  1.0000,  0.0000, 0.0000)
            ( 1.0000, -0.0000,  0.0000, 0.0000)
            ( 9.8719,  7.5981, -8.5992, 1.0000)>
MESH
Wall_Modular.092
<Matrix 4x4 ( -1.0000,  0.0000,  0.0000, 0.0000)
            (  0.0000,  1.0000,  0.0000, 0.0000)
            (  0.0000, -0.0000,  1.0000, 0.0000)
            (-12.5788,  9.5949, -9.4581, 1.0000)>
MESH
Wall_Modular.093
<Matrix 4x4 ( -1.0000,  0.0000,  0.0000, 0.0000)
            (  0.0000,  1.0000,  0.0000, 0.0000)
            (  0.0000, -0.0000,  1.0000, 0.0000)
            (-10.6089,  9.5949, -9.4581, 1.0000)>
MESH
Wall_Modular.094
<Matrix 4x4 ( -1.0000,  0.0000,  0.0000, 0.0000)
            (  0.0000,  1.0000,  0.0000, 0.0000)
            (  0.0000, -0.0000,  1.0000, 0.0000)
            (-12.5788, 11.5735, -9.4581, 1.0000)>
MESH
Wall_Modular.095
<Matrix 4x4 ( -1.0000,  0.0000,  0.0000, 0.0000)
            (  0.0000,  1.0000,  0.0000, 0.0000)
            (  0.0000, -0.0000,  1.0000, 0.0000)
            (-10.6089, 11.5735, -9.4581, 1.0000)>
MESH
Wall_Modular.096
<Matrix 4x4 (-1.0000,  0.0000,  0.0000, 0.0000)
            ( 0.0000,  1.0000,  0.0000, 0.0000)
            ( 0.0000, -0.0000,  1.0000, 0.0000)
            (-8.6101,  9.5949, -9.4581, 1.0000)>
MESH
Wall_Modular.097
<Matrix 4x4 (-1.0000,  0.0000,  0.0000, 0.0000)
            ( 0.0000,  1.0000,  0.0000, 0.0000)
            ( 0.0000, -0.0000,  1.0000, 0.0000)
            (-6.6403,  9.5949, -9.4581, 1.0000)>
MESH
Wall_Modular.098
<Matrix 4x4 (-1.0000,  0.0000,  0.0000, 0.0000)
            ( 0.0000,  1.0000,  0.0000, 0.0000)
            ( 0.0000, -0.0000,  1.0000, 0.0000)
            (-8.6101, 11.5735, -9.4581, 1.0000)>
MESH
Wall_Modular.099
<Matrix 4x4 (-1.0000,  0.0000,  0.0000, 0.0000)
            ( 0.0000,  1.0000,  0.0000, 0.0000)
            ( 0.0000, -0.0000,  1.0000, 0.0000)
            (-6.6403, 11.5735, -9.4581, 1.0000)>
MESH
Wall_Modular.100
<Matrix 4x4 (-1.0000,  0.0000,  0.0000, 0.0000)
            ( 0.0000,  1.0000,  0.0000, 0.0000)
            ( 0.0000, -0.0000,  1.0000, 0.0000)
            (-4.6434,  9.5949, -9.4581, 1.0000)>
MESH
Wall_Modular.101
<Matrix 4x4 (-1.0000,  0.0000,  0.0000, 0.0000)
            ( 0.0000,  1.0000,  0.0000, 0.0000)
            ( 0.0000, -0.0000,  1.0000, 0.0000)
            (-2.6735,  9.5949, -9.4581, 1.0000)>
MESH
Wall_Modular.102
<Matrix 4x4 (-1.0000,  0.0000,  0.0000, 0.0000)
            ( 0.0000,  1.0000,  0.0000, 0.0000)
            ( 0.0000, -0.0000,  1.0000, 0.0000)
            (-4.6434, 11.5735, -9.4581, 1.0000)>
MESH
Wall_Modular.103
<Matrix 4x4 (-1.0000,  0.0000,  0.0000, 0.0000)
            ( 0.0000,  1.0000,  0.0000, 0.0000)
            ( 0.0000, -0.0000,  1.0000, 0.0000)
            (-2.6735, 11.5735, -9.4581, 1.0000)>
MESH
Wall_Modular.104
<Matrix 4x4 (-1.0000,  0.0000,  0.0000, 0.0000)
            ( 0.0000,  1.0000,  0.0000, 0.0000)
            ( 0.0000, -0.0000,  1.0000, 0.0000)
            (-0.6747,  9.5949, -9.4581, 1.0000)>
MESH
Wall_Modular.105
<Matrix 4x4 (-1.0000,  0.0000,  0.0000, 0.0000)
            ( 0.0000,  1.0000,  0.0000, 0.0000)
            ( 0.0000, -0.0000,  1.0000, 0.0000)
            ( 1.2951,  9.5949, -9.4581, 1.0000)>
MESH
Wall_Modular.106
<Matrix 4x4 (-1.0000,  0.0000,  0.0000, 0.0000)
            ( 0.0000,  1.0000,  0.0000, 0.0000)
            ( 0.0000, -0.0000,  1.0000, 0.0000)
            (-0.6747, 11.5735, -9.4581, 1.0000)>
MESH
Wall_Modular.107
<Matrix 4x4 (-1.0000,  0.0000,  0.0000, 0.0000)
            ( 0.0000,  1.0000,  0.0000, 0.0000)
            ( 0.0000, -0.0000,  1.0000, 0.0000)
            ( 1.2951, 11.5735, -9.4581, 1.0000)>
MESH
Wall_Modular.108
<Matrix 4x4 (-1.0000,  0.0000,  0.0000, 0.0000)
            ( 0.0000,  1.0000,  0.0000, 0.0000)
            ( 0.0000, -0.0000,  1.0000, 0.0000)
            ( 3.3072,  9.5949, -9.4581, 1.0000)>
MESH
Wall_Modular.109
<Matrix 4x4 (-1.0000,  0.0000,  0.0000, 0.0000)
            ( 0.0000,  1.0000,  0.0000, 0.0000)
            ( 0.0000, -0.0000,  1.0000, 0.0000)
            ( 5.2771,  9.5949, -9.4581, 1.0000)>
MESH
Wall_Modular.110
<Matrix 4x4 (-1.0000,  0.0000,  0.0000, 0.0000)
            ( 0.0000,  1.0000,  0.0000, 0.0000)
            ( 0.0000, -0.0000,  1.0000, 0.0000)
            ( 3.3072, 11.5735, -9.4581, 1.0000)>
MESH
Wall_Modular.111
<Matrix 4x4 (-1.0000,  0.0000,  0.0000, 0.0000)
            ( 0.0000,  1.0000,  0.0000, 0.0000)
            ( 0.0000, -0.0000,  1.0000, 0.0000)
            ( 5.2771, 11.5735, -9.4581, 1.0000)>
MESH
Wall_Modular.112
<Matrix 4x4 (-1.0000,  0.0000,  0.0000, 0.0000)
            ( 0.0000,  1.0000,  0.0000, 0.0000)
            ( 0.0000, -0.0000,  1.0000, 0.0000)
            ( 7.2758,  9.5949, -9.4581, 1.0000)>
MESH
Wall_Modular.113
<Matrix 4x4 (-1.0000,  0.0000,  0.0000, 0.0000)
            ( 0.0000,  1.0000,  0.0000, 0.0000)
            ( 0.0000, -0.0000,  1.0000, 0.0000)
            ( 9.2457,  9.5949, -9.4581, 1.0000)>
MESH
Wall_Modular.114
<Matrix 4x4 (-1.0000,  0.0000,  0.0000, 0.0000)
            ( 0.0000,  1.0000,  0.0000, 0.0000)
            ( 0.0000, -0.0000,  1.0000, 0.0000)
            ( 7.2758, 11.5735, -9.4581, 1.0000)>
MESH
Wall_Modular.115
<Matrix 4x4 (-1.0000,  0.0000,  0.0000, 0.0000)
            ( 0.0000,  1.0000,  0.0000, 0.0000)
            ( 0.0000, -0.0000,  1.0000, 0.0000)
            ( 9.2457, 11.5735, -9.4581, 1.0000)>
MESH
Wall_Modular.116
<Matrix 4x4 ( -0.0000, -0.0000, 1.0000, 0.0000)
            (  0.0000,  1.0000, 0.0000, 0.0000)
            (  1.0000, -0.0000, 0.0000, 0.0000)
            (-13.5172,  9.5985, 1.3061, 1.0000)>
MESH
Wall_Modular.117
<Matrix 4x4 ( -0.0000, -0.0000,  1.0000, 0.0000)
            (  0.0000,  1.0000,  0.0000, 0.0000)
            (  1.0000, -0.0000,  0.0000, 0.0000)
            (-13.5172,  9.5985, -0.6638, 1.0000)>
MESH
Wall_Modular.118
<Matrix 4x4 ( -0.0000, -0.0000, 1.0000, 0.0000)
            (  0.0000,  1.0000, 0.0000, 0.0000)
            (  1.0000, -0.0000, 0.0000, 0.0000)
            (-13.5172, 11.5771, 1.3061, 1.0000)>
MESH
Wall_Modular.119
<Matrix 4x4 ( -0.0000, -0.0000,  1.0000, 0.0000)
            (  0.0000,  1.0000,  0.0000, 0.0000)
            (  1.0000, -0.0000,  0.0000, 0.0000)
            (-13.5172, 11.5771, -0.6638, 1.0000)>
MESH
Wall_Modular.120
<Matrix 4x4 ( -0.0000, -0.0000,  1.0000, 0.0000)
            (  0.0000,  1.0000,  0.0000, 0.0000)
            (  1.0000, -0.0000,  0.0000, 0.0000)
            (-13.5172,  9.5985, -2.6625, 1.0000)>
MESH
Wall_Modular.121
<Matrix 4x4 ( -0.0000, -0.0000,  1.0000, 0.0000)
            (  0.0000,  1.0000,  0.0000, 0.0000)
            (  1.0000, -0.0000,  0.0000, 0.0000)
            (-13.5172,  9.5985, -4.6324, 1.0000)>
MESH
Wall_Modular.122
<Matrix 4x4 ( -0.0000, -0.0000,  1.0000, 0.0000)
            (  0.0000,  1.0000,  0.0000, 0.0000)
            (  1.0000, -0.0000,  0.0000, 0.0000)
            (-13.5172, 11.5771, -2.6625, 1.0000)>
MESH
Wall_Modular.123
<Matrix 4x4 ( -0.0000, -0.0000,  1.0000, 0.0000)
            (  0.0000,  1.0000,  0.0000, 0.0000)
            (  1.0000, -0.0000,  0.0000, 0.0000)
            (-13.5172, 11.5771, -4.6324, 1.0000)>
MESH
Wall_Modular.124
<Matrix 4x4 ( -0.0000, -0.0000,  1.0000, 0.0000)
            (  0.0000,  1.0000,  0.0000, 0.0000)
            (  1.0000, -0.0000,  0.0000, 0.0000)
            (-13.5172,  9.5985, -6.6293, 1.0000)>
MESH
Wall_Modular.125
<Matrix 4x4 ( -0.0000, -0.0000,  1.0000, 0.0000)
            (  0.0000,  1.0000,  0.0000, 0.0000)
            (  1.0000, -0.0000,  0.0000, 0.0000)
            (-13.5172,  9.5985, -8.5992, 1.0000)>
MESH
Wall_Modular.126
<Matrix 4x4 ( -0.0000, -0.0000,  1.0000, 0.0000)
            (  0.0000,  1.0000,  0.0000, 0.0000)
            (  1.0000, -0.0000,  0.0000, 0.0000)
            (-13.5172, 11.5771, -6.6293, 1.0000)>
MESH
Wall_Modular.127
<Matrix 4x4 ( -0.0000, -0.0000,  1.0000, 0.0000)
            (  0.0000,  1.0000,  0.0000, 0.0000)
            (  1.0000, -0.0000,  0.0000, 0.0000)
            (-13.5172, 11.5771, -8.5992, 1.0000)>
MESH
Wall_Modular.128
<Matrix 4x4 (-0.0000, -0.0000, 1.0000, 0.0000)
            ( 0.0000,  1.0000, 0.0000, 0.0000)
            ( 1.0000, -0.0000, 0.0000, 0.0000)
            ( 9.8719,  9.5985, 1.3061, 1.0000)>
MESH
Wall_Modular.129
<Matrix 4x4 (-0.0000, -0.0000,  1.0000, 0.0000)
            ( 0.0000,  1.0000,  0.0000, 0.0000)
            ( 1.0000, -0.0000,  0.0000, 0.0000)
            ( 9.8719,  9.5985, -0.6638, 1.0000)>
MESH
Wall_Modular.130
<Matrix 4x4 (-0.0000, -0.0000, 1.0000, 0.0000)
            ( 0.0000,  1.0000, 0.0000, 0.0000)
            ( 1.0000, -0.0000, 0.0000, 0.0000)
            ( 9.8719, 11.5771, 1.3061, 1.0000)>
MESH
Wall_Modular.131
<Matrix 4x4 (-0.0000, -0.0000,  1.0000, 0.0000)
            ( 0.0000,  1.0000,  0.0000, 0.0000)
            ( 1.0000, -0.0000,  0.0000, 0.0000)
            ( 9.8719, 11.5771, -0.6638, 1.0000)>
MESH
Wall_Modular.132
<Matrix 4x4 (-0.0000, -0.0000,  1.0000, 0.0000)
            ( 0.0000,  1.0000,  0.0000, 0.0000)
            ( 1.0000, -0.0000,  0.0000, 0.0000)
            ( 9.8719,  9.5985, -2.6625, 1.0000)>
MESH
Wall_Modular.133
<Matrix 4x4 (-0.0000, -0.0000,  1.0000, 0.0000)
            ( 0.0000,  1.0000,  0.0000, 0.0000)
            ( 1.0000, -0.0000,  0.0000, 0.0000)
            ( 9.8719,  9.5985, -4.6324, 1.0000)>
MESH
Wall_Modular.134
<Matrix 4x4 (-0.0000, -0.0000,  1.0000, 0.0000)
            ( 0.0000,  1.0000,  0.0000, 0.0000)
            ( 1.0000, -0.0000,  0.0000, 0.0000)
            ( 9.8719, 11.5771, -2.6625, 1.0000)>
MESH
Wall_Modular.135
<Matrix 4x4 (-0.0000, -0.0000,  1.0000, 0.0000)
            ( 0.0000,  1.0000,  0.0000, 0.0000)
            ( 1.0000, -0.0000,  0.0000, 0.0000)
            ( 9.8719, 11.5771, -4.6324, 1.0000)>
MESH
Wall_Modular.136
<Matrix 4x4 (-0.0000, -0.0000,  1.0000, 0.0000)
            ( 0.0000,  1.0000,  0.0000, 0.0000)
            ( 1.0000, -0.0000,  0.0000, 0.0000)
            ( 9.8719,  9.5985, -6.6293, 1.0000)>
MESH
Wall_Modular.137
<Matrix 4x4 (-0.0000, -0.0000,  1.0000, 0.0000)
            ( 0.0000,  1.0000,  0.0000, 0.0000)
            ( 1.0000, -0.0000,  0.0000, 0.0000)
            ( 9.8719,  9.5985, -8.5992, 1.0000)>
MESH
Wall_Modular.138
<Matrix 4x4 (-0.0000, -0.0000,  1.0000, 0.0000)
            ( 0.0000,  1.0000,  0.0000, 0.0000)
            ( 1.0000, -0.0000,  0.0000, 0.0000)
            ( 9.8719, 11.5771, -6.6293, 1.0000)>
MESH
Wall_Modular.139
<Matrix 4x4 (-0.0000, -0.0000,  1.0000, 0.0000)
            ( 0.0000,  1.0000,  0.0000, 0.0000)
            ( 1.0000, -0.0000,  0.0000, 0.0000)
            ( 9.8719, 11.5771, -8.5992, 1.0000)>
MESH
Floor_Modular.073
<Matrix 4x4 (-1.0000,  0.0000, 0.0000, 0.0000)
            ( 0.0000,  1.0000, 0.0000, 0.0000)
            ( 0.0000, -0.0000, 1.0000, 0.0000)
            (-2.7803,  0.5390, 3.3604, 1.0000)>
MESH
Floor_Modular.074
<Matrix 4x4 (-1.0000,  0.0000, 0.0000, 0.0000)
            ( 0.0000,  1.0000, 0.0000, 0.0000)
            ( 0.0000, -0.0000, 1.0000, 0.0000)
            (-4.7520,  0.5390, 3.3410, 1.0000)>
MESH
Floor_Modular.075
<Matrix 4x4 (-1.0000,  0.0000, 0.0000, 0.0000)
            ( 0.0000,  1.0000, 0.0000, 0.0000)
            ( 0.0000, -0.0000, 1.0000, 0.0000)
            (-2.7800,  0.5390, 5.3610, 1.0000)>
MESH
Floor_Modular.076
<Matrix 4x4 (-1.0000,  0.0000, 0.0000, 0.0000)
            ( 0.0000,  1.0000, 0.0000, 0.0000)
            ( 0.0000, -0.0000, 1.0000, 0.0000)
            (-4.7517,  0.5390, 5.3416, 1.0000)>
MESH
Floor_Modular.077
<Matrix 4x4 (-1.0000,  0.0000, 0.0000, 0.0000)
            ( 0.0000,  1.0000, 0.0000, 0.0000)
            ( 0.0000, -0.0000, 1.0000, 0.0000)
            ( 1.1631,  0.5390, 3.3799, 1.0000)>
MESH
Floor_Modular.078
<Matrix 4x4 (-1.0000,  0.0000, 0.0000, 0.0000)
            ( 0.0000,  1.0000, 0.0000, 0.0000)
            ( 0.0000, -0.0000, 1.0000, 0.0000)
            (-0.8086,  0.5390, 3.3604, 1.0000)>
MESH
Floor_Modular.079
<Matrix 4x4 (-1.0000,  0.0000, 0.0000, 0.0000)
            ( 0.0000,  1.0000, 0.0000, 0.0000)
            ( 0.0000, -0.0000, 1.0000, 0.0000)
            ( 1.1634,  0.5390, 5.3804, 1.0000)>
MESH
Floor_Modular.080
<Matrix 4x4 (-1.0000,  0.0000, 0.0000, 0.0000)
            ( 0.0000,  1.0000, 0.0000, 0.0000)
            ( 0.0000, -0.0000, 1.0000, 0.0000)
            (-0.8083,  0.5390, 5.3610, 1.0000)>
MESH
Floor_Modular.081
<Matrix 4x4 (-1.0000,  0.0000, 0.0000, 0.0000)
            ( 0.0000,  1.0000, 0.0000, 0.0000)
            ( 0.0000, -0.0000, 1.0000, 0.0000)
            ( 5.1395,  0.5390, 3.3788, 1.0000)>
MESH
Floor_Modular.082
<Matrix 4x4 (-1.0000,  0.0000, 0.0000, 0.0000)
            ( 0.0000,  1.0000, 0.0000, 0.0000)
            ( 0.0000, -0.0000, 1.0000, 0.0000)
            ( 3.1679,  0.5390, 3.3593, 1.0000)>
MESH
Floor_Modular.083
<Matrix 4x4 (-1.0000,  0.0000, 0.0000, 0.0000)
            ( 0.0000,  1.0000, 0.0000, 0.0000)
            ( 0.0000, -0.0000, 1.0000, 0.0000)
            ( 5.1398,  0.5390, 5.3793, 1.0000)>
MESH
Floor_Modular.084
<Matrix 4x4 (-1.0000,  0.0000, 0.0000, 0.0000)
            ( 0.0000,  1.0000, 0.0000, 0.0000)
            ( 0.0000, -0.0000, 1.0000, 0.0000)
            ( 3.1682,  0.5390, 5.3599, 1.0000)>
MESH
Floor_Modular.085
<Matrix 4x4 (-1.0000,  0.0000, 0.0000, 0.0000)
            ( 0.0000,  1.0000, 0.0000, 0.0000)
            ( 0.0000, -0.0000, 1.0000, 0.0000)
            ( 9.0829,  0.5390, 3.3982, 1.0000)>
MESH
Floor_Modular.086
<Matrix 4x4 (-1.0000,  0.0000, 0.0000, 0.0000)
            ( 0.0000,  1.0000, 0.0000, 0.0000)
            ( 0.0000, -0.0000, 1.0000, 0.0000)
            ( 7.1112,  0.5390, 3.3788, 1.0000)>
MESH
Floor_Modular.087
<Matrix 4x4 (-1.0000,  0.0000, 0.0000, 0.0000)
            ( 0.0000,  1.0000, 0.0000, 0.0000)
            ( 0.0000, -0.0000, 1.0000, 0.0000)
            ( 9.0832,  0.5390, 5.3988, 1.0000)>
MESH
Floor_Modular.088
<Matrix 4x4 (-1.0000,  0.0000, 0.0000, 0.0000)
            ( 0.0000,  1.0000, 0.0000, 0.0000)
            ( 0.0000, -0.0000, 1.0000, 0.0000)
            ( 7.1115,  0.5390, 5.3793, 1.0000)>
MESH
Floor_Modular.089
<Matrix 4x4 ( -1.0000,  0.0000, 0.0000, 0.0000)
            (  0.0000,  1.0000, 0.0000, 0.0000)
            (  0.0000, -0.0000, 1.0000, 0.0000)
            (-10.7218,  0.5390, 3.3213, 1.0000)>
MESH
Floor_Modular.090
<Matrix 4x4 ( -1.0000,  0.0000, 0.0000, 0.0000)
            (  0.0000,  1.0000, 0.0000, 0.0000)
            (  0.0000, -0.0000, 1.0000, 0.0000)
            (-12.6934,  0.5390, 3.3018, 1.0000)>
MESH
Floor_Modular.091
<Matrix 4x4 ( -1.0000,  0.0000, 0.0000, 0.0000)
            (  0.0000,  1.0000, 0.0000, 0.0000)
            (  0.0000, -0.0000, 1.0000, 0.0000)
            (-10.7215,  0.5390, 5.3218, 1.0000)>
MESH
Floor_Modular.092
<Matrix 4x4 ( -1.0000,  0.0000, 0.0000, 0.0000)
            (  0.0000,  1.0000, 0.0000, 0.0000)
            (  0.0000, -0.0000, 1.0000, 0.0000)
            (-12.6931,  0.5390, 5.3024, 1.0000)>
MESH
Floor_Modular.093
<Matrix 4x4 (-1.0000,  0.0000, 0.0000, 0.0000)
            ( 0.0000,  1.0000, 0.0000, 0.0000)
            ( 0.0000, -0.0000, 1.0000, 0.0000)
            (-6.7784,  0.5390, 3.3407, 1.0000)>
MESH
Floor_Modular.094
<Matrix 4x4 (-1.0000,  0.0000, 0.0000, 0.0000)
            ( 0.0000,  1.0000, 0.0000, 0.0000)
            ( 0.0000, -0.0000, 1.0000, 0.0000)
            (-8.7501,  0.5390, 3.3213, 1.0000)>
MESH
Floor_Modular.095
<Matrix 4x4 (-1.0000,  0.0000, 0.0000, 0.0000)
            ( 0.0000,  1.0000, 0.0000, 0.0000)
            ( 0.0000, -0.0000, 1.0000, 0.0000)
            (-6.7781,  0.5390, 5.3413, 1.0000)>
MESH
Floor_Modular.096
<Matrix 4x4 (-1.0000,  0.0000, 0.0000, 0.0000)
            ( 0.0000,  1.0000, 0.0000, 0.0000)
            ( 0.0000, -0.0000, 1.0000, 0.0000)
            (-8.7498,  0.5390, 5.3218, 1.0000)>
MESH
Wall_Modular.140
<Matrix 4x4 ( -0.0000, -0.0000, 1.0000, 0.0000)
            (  0.0000,  1.0000, 0.0000, 0.0000)
            (  1.0000, -0.0000, 0.0000, 0.0000)
            (-13.5172,  1.6356, 5.2832, 1.0000)>
MESH
Wall_Modular.141
<Matrix 4x4 ( -0.0000, -0.0000, 1.0000, 0.0000)
            (  0.0000,  1.0000, 0.0000, 0.0000)
            (  1.0000, -0.0000, 0.0000, 0.0000)
            (-13.5172,  1.6356, 3.3134, 1.0000)>
MESH
Wall_Modular.142
<Matrix 4x4 ( -0.0000, -0.0000, 1.0000, 0.0000)
            (  0.0000,  1.0000, 0.0000, 0.0000)
            (  1.0000, -0.0000, 0.0000, 0.0000)
            (-13.5172,  3.6142, 5.2832, 1.0000)>
MESH
Wall_Modular.143
<Matrix 4x4 ( -0.0000, -0.0000, 1.0000, 0.0000)
            (  0.0000,  1.0000, 0.0000, 0.0000)
            (  1.0000, -0.0000, 0.0000, 0.0000)
            (-13.5172,  3.6142, 3.3134, 1.0000)>
MESH
Wall_Modular.144
<Matrix 4x4 ( -0.0000, -0.0000, 1.0000, 0.0000)
            (  0.0000,  1.0000, 0.0000, 0.0000)
            (  1.0000, -0.0000, 0.0000, 0.0000)
            (-13.5172,  5.6194, 5.2832, 1.0000)>
MESH
Wall_Modular.145
<Matrix 4x4 ( -0.0000, -0.0000, 1.0000, 0.0000)
            (  0.0000,  1.0000, 0.0000, 0.0000)
            (  1.0000, -0.0000, 0.0000, 0.0000)
            (-13.5172,  5.6194, 3.3134, 1.0000)>
MESH
Wall_Modular.146
<Matrix 4x4 ( -0.0000, -0.0000, 1.0000, 0.0000)
            (  0.0000,  1.0000, 0.0000, 0.0000)
            (  1.0000, -0.0000, 0.0000, 0.0000)
            (-13.5172,  7.5981, 5.2832, 1.0000)>
MESH
Wall_Modular.147
<Matrix 4x4 ( -0.0000, -0.0000, 1.0000, 0.0000)
            (  0.0000,  1.0000, 0.0000, 0.0000)
            (  1.0000, -0.0000, 0.0000, 0.0000)
            (-13.5172,  7.5981, 3.3134, 1.0000)>
MESH
Wall_Modular.149
<Matrix 4x4 (-0.0000, -0.0000, 1.0000, 0.0000)
            ( 0.0000,  1.0000, 0.0000, 0.0000)
            ( 1.0000, -0.0000, 0.0000, 0.0000)
            ( 9.8719,  1.6356, 5.2832, 1.0000)>
MESH
Wall_Modular.150
<Matrix 4x4 (-0.0000, -0.0000, 1.0000, 0.0000)
            ( 0.0000,  1.0000, 0.0000, 0.0000)
            ( 1.0000, -0.0000, 0.0000, 0.0000)
            ( 9.8719,  1.6356, 3.3134, 1.0000)>
MESH
Wall_Modular.151
<Matrix 4x4 (-0.0000, -0.0000, 1.0000, 0.0000)
            ( 0.0000,  1.0000, 0.0000, 0.0000)
            ( 1.0000, -0.0000, 0.0000, 0.0000)
            ( 9.8719,  3.6142, 5.2832, 1.0000)>
MESH
Wall_Modular.152
<Matrix 4x4 (-0.0000, -0.0000, 1.0000, 0.0000)
            ( 0.0000,  1.0000, 0.0000, 0.0000)
            ( 1.0000, -0.0000, 0.0000, 0.0000)
            ( 9.8719,  3.6142, 3.3134, 1.0000)>
MESH
Wall_Modular.153
<Matrix 4x4 (-0.0000, -0.0000, 1.0000, 0.0000)
            ( 0.0000,  1.0000, 0.0000, 0.0000)
            ( 1.0000, -0.0000, 0.0000, 0.0000)
            ( 9.8719,  5.6194, 5.2832, 1.0000)>
MESH
Wall_Modular.154
<Matrix 4x4 (-0.0000, -0.0000, 1.0000, 0.0000)
            ( 0.0000,  1.0000, 0.0000, 0.0000)
            ( 1.0000, -0.0000, 0.0000, 0.0000)
            ( 9.8719,  5.6194, 3.3134, 1.0000)>
MESH
Wall_Modular.155
<Matrix 4x4 (-0.0000, -0.0000, 1.0000, 0.0000)
            ( 0.0000,  1.0000, 0.0000, 0.0000)
            ( 1.0000, -0.0000, 0.0000, 0.0000)
            ( 9.8719,  7.5981, 5.2832, 1.0000)>
MESH
Wall_Modular.156
<Matrix 4x4 (-0.0000, -0.0000, 1.0000, 0.0000)
            ( 0.0000,  1.0000, 0.0000, 0.0000)
            ( 1.0000, -0.0000, 0.0000, 0.0000)
            ( 9.8719,  7.5981, 3.3134, 1.0000)>
MESH
Wall_Modular.157
<Matrix 4x4 ( -0.0000, -0.0000, 1.0000, 0.0000)
            (  0.0000,  1.0000, 0.0000, 0.0000)
            (  1.0000, -0.0000, 0.0000, 0.0000)
            (-13.5172,  9.5985, 5.2832, 1.0000)>
MESH
Wall_Modular.158
<Matrix 4x4 ( -0.0000, -0.0000, 1.0000, 0.0000)
            (  0.0000,  1.0000, 0.0000, 0.0000)
            (  1.0000, -0.0000, 0.0000, 0.0000)
            (-13.5172,  9.5985, 3.3134, 1.0000)>
MESH
Wall_Modular.159
<Matrix 4x4 ( -0.0000, -0.0000, 1.0000, 0.0000)
            (  0.0000,  1.0000, 0.0000, 0.0000)
            (  1.0000, -0.0000, 0.0000, 0.0000)
            (-13.5172, 11.5771, 5.2832, 1.0000)>
MESH
Wall_Modular.160
<Matrix 4x4 ( -0.0000, -0.0000, 1.0000, 0.0000)
            (  0.0000,  1.0000, 0.0000, 0.0000)
            (  1.0000, -0.0000, 0.0000, 0.0000)
            (-13.5172, 11.5771, 3.3134, 1.0000)>
MESH
Wall_Modular.161
<Matrix 4x4 (-0.0000, -0.0000, 1.0000, 0.0000)
            ( 0.0000,  1.0000, 0.0000, 0.0000)
            ( 1.0000, -0.0000, 0.0000, 0.0000)
            ( 9.8719,  9.5985, 5.2832, 1.0000)>
MESH
Wall_Modular.162
<Matrix 4x4 (-0.0000, -0.0000, 1.0000, 0.0000)
            ( 0.0000,  1.0000, 0.0000, 0.0000)
            ( 1.0000, -0.0000, 0.0000, 0.0000)
            ( 9.8719,  9.5985, 3.3134, 1.0000)>
MESH
Wall_Modular.163
<Matrix 4x4 (-0.0000, -0.0000, 1.0000, 0.0000)
            ( 0.0000,  1.0000, 0.0000, 0.0000)
            ( 1.0000, -0.0000, 0.0000, 0.0000)
            ( 9.8719, 11.5771, 5.2832, 1.0000)>
MESH
Wall_Modular.164
<Matrix 4x4 (-0.0000, -0.0000, 1.0000, 0.0000)
            ( 0.0000,  1.0000, 0.0000, 0.0000)
            ( 1.0000, -0.0000, 0.0000, 0.0000)
            ( 9.8719, 11.5771, 3.3134, 1.0000)>
MESH
Arch_Door
<Matrix 4x4 (-1.0000, 0.0000,  0.0000, 0.0000)
            ( 0.0000, 1.0000, -0.0000, 0.0000)
            ( 0.0000, 0.0000,  1.0000, 0.0000)
            ( 0.2816, 0.5540, -9.3554, 1.0000)>
MESH
Torch
<Matrix 4x4 (-1.0000, 0.0000,  0.0000, 0.0000)
            ( 0.0000, 1.0000, -0.0000, 0.0000)
            ( 0.0000, 0.0000,  1.0000, 0.0000)
            (-1.2573, 2.6680, -8.8318, 1.0000)>
MESH
Torch.001
<Matrix 4x4 (-1.0000,  0.0000,  0.0000, 0.0000)
            ( 0.0000,  1.0000,  0.0000, 0.0000)
            ( 0.0000, -0.0000,  1.0000, 0.0000)
            ( 1.8584,  2.6680, -8.8318, 1.0000)>
LIGHT
Point.003
POINT
<Color (r=1.0000, g=0.7344, b=0.1876)>
30.0
5.0
<Matrix 4x4 (-1.0000,  0.0000,  0.0000, 0.0000)
            ( 0.0000,  1.0000,  0.0000, 0.0000)
            ( 0.0000, -0.0000,  1.0000, 0.0000)
            ( 1.8551,  3.1351, -8.7225, 1.0000)>
LIGHT
Point.004
POINT
<Color (r=1.0000, g=0.7344, b=0.1876)>
30.0
5.0
<Matrix 4x4 (-1.0000,  0.0000,  0.0000, 0.0000)
            ( 0.0000,  1.0000,  0.0000, 0.0000)
            ( 0.0000, -0.0000,  1.0000, 0.0000)
            (-1.2731,  3.1671, -8.6342, 1.0000)>
LIGHT
Point.002
POINT
<Color (r=0.4601, g=0.3093, b=1.0000)>
30.0
5.0
<Matrix 4x4 (-1.0000, 0.0000,  0.0000, 0.0000)
            ( 0.0000, 0.0000, -1.0000, 0.0000)
            ( 0.0000, 1.0000,  0.0000, 0.0000)
            (-8.9633, 3.1215, -3.5699, 1.0000)>
LIGHT
Point.001
POINT
<Color (r=0.9630, g=1.0000, b=0.2877)>
10.0
20.0
<Matrix 4x4 (-1.0000, 0.0000,  0.0000, 0.0000)
            ( 0.0000, 0.0000, -1.0000, 0.0000)
            ( 0.0000, 1.0000,  0.0000, 0.0000)
            (-1.4121, 8.8421, -1.8360, 1.0000)>
