# Game Level Exporter v1.3
MESH
Sword_big_Cylinder.009
<Matrix 4x4 (-1.0000, 0.0000,  0.0000, 0.0000)
            ( 0.0000, 1.0000, -0.0000, 0.0000)
            ( 0.0000, 0.0000,  1.0000, 0.0000)
            (-3.9529, 1.9035,  6.3101, 1.0000)>
MESH
Sword_Cylinder.005
<Matrix 4x4 (-1.0000, 0.0000,  0.0000, 0.0000)
            ( 0.0000, 0.7314, -0.6820, 0.0000)
            ( 0.0000, 0.6820,  0.7314, 0.0000)
            (-4.0224, 1.5088,  6.5274, 1.0000)>
MESH
Sword_WallMount_Cube.002
<Matrix 4x4 ( 1.0000, -0.0000, -0.0000, 0.0000)
            ( 0.0000,  1.0000,  0.0000, 0.0000)
            (-0.0000,  0.0000, -1.0000, 0.0000)
            (-4.0060,  2.0769,  6.5372, 1.0000)>
MESH
Skull_Cylinder.000
<Matrix 4x4 ( 0.4970,  0.2144, -0.4636, 0.0000)
            (-0.1315,  0.6787,  0.1729, 0.0000)
            (-0.4935,  0.0350, -0.5129, 0.0000)
            (-3.3474, -1.7265, -2.4813, 1.0000)>
MESH
Trap_spikes_Cube.051
<Matrix 4x4 (-1.0000,  0.0000,  0.0000, 0.0000)
            ( 0.0000,  1.0000, -0.0000, 0.0000)
            ( 0.0000,  0.0000,  1.0000, 0.0000)
            (-3.2702, -1.7813, -2.4203, 1.0000)>
MESH
Stairs_SideCoverWall_Cube.069
<Matrix 4x4 ( 0.0000,  0.0000,  1.0000, 0.0000)
            ( 0.0000,  1.0000, -0.0000, 0.0000)
            ( 1.0000, -0.0000, -0.0000, 0.0000)
            (-1.2650, -1.0251, -0.1924, 1.0000)>
MESH
Floor_Modular_Cube.031
<Matrix 4x4 (-1.0000, 0.0000,  0.0000, 0.0000)
            ( 0.0000, 1.0000, -0.0000, 0.0000)
            ( 0.0000, 0.0000,  1.0000, 0.0000)
            ( 8.7107, 0.0000,  5.6453, 1.0000)>
MESH
Chair_Cube.027
<Matrix 4x4 (-1.0000,  0.0000,  0.0000, 0.0000)
            ( 0.0000,  1.0000, -0.0000, 0.0000)
            ( 0.0000,  0.0000,  1.0000, 0.0000)
            (-3.2337, -0.0000,  4.7431, 1.0000)>
MESH
Arch_Door_Cube.044
<Matrix 4x4 (-1.0000, 0.0000,  0.0000, 0.0000)
            ( 0.0000, 1.0000, -0.0000, 0.0000)
            ( 0.0000, 0.0000,  1.0000, 0.0000)
            ( 1.6973, 0.0000,  6.5987, 1.0000)>
MESH
Table_Big_Cube.003
<Matrix 4x4 (0.0000,  0.0000,  1.0000, 0.0000)
            (0.0000,  1.0000, -0.0000, 0.0000)
            (1.0000, -0.0000, -0.0000, 0.0000)
            (5.4728,  0.0000, -2.7285, 1.0000)>
MESH
Table_Small_Cube.012
<Matrix 4x4 ( 0.0000,  0.0000,  1.0000, 0.0000)
            ( 0.0000,  1.0000, -0.0000, 0.0000)
            ( 1.0000, -0.0000, -0.0000, 0.0000)
            (-3.0992, -0.0000,  5.6596, 1.0000)>
MESH
Trapdoor_Cylinder.006
<Matrix 4x4 (-1.0000, 0.0000,  0.0000, 0.0000)
            ( 0.0000, 1.0000, -0.0000, 0.0000)
            ( 0.0000, 0.0000,  1.0000, 0.0000)
            ( 5.5007, 0.1056, -2.8270, 1.0000)>
MESH
Column2_Cube.081
<Matrix 4x4 (-1.0000, 0.0000,  0.0000, 0.0000)
            ( 0.0000, 1.0000, -0.0000, 0.0000)
            ( 0.0000, 0.0000,  1.0000, 0.0000)
            ( 9.6205, 0.0000,  6.5923, 1.0000)>
MESH
Floor_BricksSeparate2_Cube.032
<Matrix 4x4 (-1.0000, 0.0000,  0.0000, 0.0000)
            ( 0.0000, 1.0000, -0.0000, 0.0000)
            ( 0.0000, 0.0000,  1.0000, 0.0000)
            ( 8.1453, 0.0636,  1.8762, 1.0000)>
MESH
Bucket_Cylinder.049
<Matrix 4x4 (-1.0000, 0.0000,  0.0000, 0.0000)
            ( 0.0000, 1.0000, -0.0000, 0.0000)
            ( 0.0000, 0.0000,  1.0000, 0.0000)
            (-3.2486, 0.8015,  5.5756, 1.0000)>
MESH
Floor_BricksSeparate_Cube.032
<Matrix 4x4 (-1.0000, 0.0000,  0.0000, 0.0000)
            ( 0.0000, 1.0000, -0.0000, 0.0000)
            ( 0.0000, 0.0000,  1.0000, 0.0000)
            ( 7.5241, 0.0636,  5.5882, 1.0000)>
MESH
Brick_Cube.032
<Matrix 4x4 (-1.0000, 0.0000,  0.0000, 0.0000)
            ( 0.0000, 1.0000, -0.0000, 0.0000)
            ( 0.0000, 0.0000,  1.0000, 0.0000)
            ( 6.3588, 0.0636,  0.6227, 1.0000)>
MESH
Arch_Cube.001
<Matrix 4x4 (-1.0000, 0.0000,  0.0000, 0.0000)
            ( 0.0000, 1.0000, -0.0000, 0.0000)
            ( 0.0000, 0.0000,  1.0000, 0.0000)
            ( 1.6761, 0.0000,  6.7306, 1.0000)>
MESH
Wall_Modular_Cube.001
<Matrix 4x4 (-1.0000, 0.0000,  0.0000, 0.0000)
            ( 0.0000, 1.0000, -0.0000, 0.0000)
            ( 0.0000, 0.0000,  1.0000, 0.0000)
            ( 4.6701, 1.0120,  6.7180, 1.0000)>
MESH
Wall_Modular_Cube.002
<Matrix 4x4 (-1.0000,  0.0000, 0.0000, 0.0000)
            ( 0.0000,  1.0000, 0.0000, 0.0000)
            ( 0.0000, -0.0000, 1.0000, 0.0000)
            ( 6.6321,  1.0120, 6.7067, 1.0000)>
MESH
Wall_Modular_Cube.003
<Matrix 4x4 (-1.0000, 0.0000,  0.0000, 0.0000)
            ( 0.0000, 1.0000, -0.0000, 0.0000)
            ( 0.0000, 0.0000,  1.0000, 0.0000)
            ( 8.5940, 1.0120,  6.7067, 1.0000)>
MESH
Wall_Modular_Cube.004
<Matrix 4x4 (-1.0000, 0.0000,  0.0000, 0.0000)
            ( 0.0000, 1.0000, -0.0000, 0.0000)
            ( 0.0000, 0.0000,  1.0000, 0.0000)
            ( 8.5940, 2.9227,  6.7067, 1.0000)>
MESH
Wall_Modular_Cube.006
<Matrix 4x4 (-1.0000, 0.0000,  0.0000, 0.0000)
            ( 0.0000, 1.0000, -0.0000, 0.0000)
            ( 0.0000, 0.0000,  1.0000, 0.0000)
            ( 6.6321, 2.9227,  6.7067, 1.0000)>
MESH
Wall_Modular_Cube.007
<Matrix 4x4 (-1.0000, 0.0000,  0.0000, 0.0000)
            ( 0.0000, 1.0000, -0.0000, 0.0000)
            ( 0.0000, 0.0000,  1.0000, 0.0000)
            ( 4.6701, 2.9227,  6.7180, 1.0000)>
MESH
Wall_Modular_Cube.008
<Matrix 4x4 (-1.0000, 0.0000,  0.0000, 0.0000)
            ( 0.0000, 1.0000, -0.0000, 0.0000)
            ( 0.0000, 0.0000,  1.0000, 0.0000)
            (-5.2557, 2.9227,  6.7180, 1.0000)>
MESH
Wall_Modular_Cube.009
<Matrix 4x4 (-1.0000, 0.0000,  0.0000, 0.0000)
            ( 0.0000, 1.0000, -0.0000, 0.0000)
            ( 0.0000, 0.0000,  1.0000, 0.0000)
            (-3.2937, 2.9227,  6.7067, 1.0000)>
MESH
Wall_Modular_Cube.010
<Matrix 4x4 (-1.0000, 0.0000,  0.0000, 0.0000)
            ( 0.0000, 1.0000, -0.0000, 0.0000)
            ( 0.0000, 0.0000,  1.0000, 0.0000)
            (-1.3317, 2.9227,  6.7067, 1.0000)>
MESH
Wall_Modular_Cube.011
<Matrix 4x4 (-1.0000, 0.0000,  0.0000, 0.0000)
            ( 0.0000, 1.0000, -0.0000, 0.0000)
            ( 0.0000, 0.0000,  1.0000, 0.0000)
            (-1.3317, 1.0120,  6.7067, 1.0000)>
MESH
Wall_Modular_Cube.012
<Matrix 4x4 (-1.0000, 0.0000,  0.0000, 0.0000)
            ( 0.0000, 1.0000, -0.0000, 0.0000)
            ( 0.0000, 0.0000,  1.0000, 0.0000)
            (-3.2937, 1.0120,  6.7067, 1.0000)>
MESH
Wall_Modular_Cube.013
<Matrix 4x4 (-1.0000, 0.0000,  0.0000, 0.0000)
            ( 0.0000, 1.0000, -0.0000, 0.0000)
            ( 0.0000, 0.0000,  1.0000, 0.0000)
            (-5.2557, 1.0120,  6.7180, 1.0000)>
MESH
Wall_Modular_Cube.014
<Matrix 4x4 ( 0.0000, 0.0000,  1.0000, 0.0000)
            (-0.0000, 1.0000,  0.0000, 0.0000)
            ( 1.0000, 0.0000, -0.0000, 0.0000)
            ( 9.7314, 2.9227,  1.2204, 1.0000)>
MESH
Wall_Modular_Cube.015
<Matrix 4x4 ( 0.0000, 0.0000,  1.0000, 0.0000)
            (-0.0000, 1.0000,  0.0000, 0.0000)
            ( 1.0000, 0.0000, -0.0000, 0.0000)
            ( 9.7152, 2.9227,  3.1824, 1.0000)>
MESH
Wall_Modular_Cube.016
<Matrix 4x4 ( 0.0140,  0.0000, -0.9999, 0.0000)
            (-0.0000,  1.0000, -0.0000, 0.0000)
            (-0.9999, -0.0000, -0.0140, 0.0000)
            ( 9.6877,  2.9227,  5.1442, 1.0000)>
MESH
Wall_Modular_Cube.017
<Matrix 4x4 (0.0000,  0.0000,  1.0000, 0.0000)
            (0.0000,  1.0000, -0.0000, 0.0000)
            (1.0000, -0.0000, -0.0000, 0.0000)
            (9.6877,  1.0120,  5.1442, 1.0000)>
MESH
Wall_Modular_Cube.018
<Matrix 4x4 ( 0.0000, 0.0000, -1.0000, 0.0000)
            ( 0.0000, 1.0000,  0.0000, 0.0000)
            (-1.0000, 0.0000, -0.0000, 0.0000)
            ( 9.7152, 1.0120,  3.1824, 1.0000)>
MESH
Wall_Modular_Cube.019
<Matrix 4x4 ( 0.0000, 0.0000,  1.0000, 0.0000)
            (-0.0000, 1.0000,  0.0000, 0.0000)
            ( 1.0000, 0.0000, -0.0000, 0.0000)
            ( 9.7314, 1.0120,  1.2204, 1.0000)>
MESH
Barrel_Cylinder.001
<Matrix 4x4 (-1.0000, 0.0000,  0.0000, 0.0000)
            ( 0.0000, 1.0000, -0.0000, 0.0000)
            ( 0.0000, 0.0000,  1.0000, 0.0000)
            ( 8.5418, 0.0000,  6.0037, 1.0000)>
MESH
Barrel_Cylinder.002
<Matrix 4x4 (-1.0000,  0.0000,  0.0000, 0.0000)
            ( 0.0000,  1.0000, -0.0000, 0.0000)
            ( 0.0000,  0.0000,  1.0000, 0.0000)
            ( 9.0991, -0.0000,  4.9734, 1.0000)>
MESH
Banner_Cylinder.001
<Matrix 4x4 ( 1.0000, -0.0000, -0.0000, 0.0000)
            ( 0.0000,  1.0000,  0.0000, 0.0000)
            (-0.0000,  0.0000, -1.0000, 0.0000)
            (-0.7843,  0.0480,  6.2576, 1.0000)>
MESH
Banner_Cylinder.002
<Matrix 4x4 ( 1.0000, 0.0000, -0.0000, 0.0000)
            ( 0.0000, 1.0000,  0.0000, 0.0000)
            (-0.0000, 0.0000, -1.0000, 0.0000)
            ( 4.0226, 0.0580,  5.8220, 1.0000)>
MESH
Coin_Pile_Cylinder.001
<Matrix 4x4 (-1.0000, 0.0000,  0.0000, 0.0000)
            ( 0.0000, 1.0000, -0.0000, 0.0000)
            ( 0.0000, 0.0000,  1.0000, 0.0000)
            ( 6.4932, 0.8057, -3.2190, 1.0000)>
MESH
Bag_Standing_Cylinder.001
<Matrix 4x4 ( 0.9480,  0.0230, -0.3176, 0.0000)
            (-0.3087, -0.1778, -0.9344, 0.0000)
            ( 0.0779, -0.9838,  0.1614, 0.0000)
            ( 6.4433,  0.9071, -2.3586, 1.0000)>
MESH
Torch_Cylinder.003
<Matrix 4x4 ( 0.0000,  0.0000, -1.0000, 0.0000)
            (-0.0000,  1.0000, -0.0000, 0.0000)
            (-1.0000, -0.0000, -0.0000, 0.0000)
            ( 9.3758,  1.9480,  2.0404, 1.0000)>
MESH
Torch_Cylinder.004
<Matrix 4x4 (-1.0000, 0.0000,  0.0000, 0.0000)
            ( 0.0000, 1.0000, -0.0000, 0.0000)
            ( 0.0000, 0.0000,  1.0000, 0.0000)
            ( 2.1913, 1.8703, -3.6003, 1.0000)>
MESH
Floor_Modular_Cube.001
<Matrix 4x4 (-1.0000, 0.0000,  0.0000, 0.0000)
            ( 0.0000, 1.0000, -0.0000, 0.0000)
            ( 0.0000, 0.0000,  1.0000, 0.0000)
            ( 6.7464, 0.0000,  5.6453, 1.0000)>
MESH
Floor_Modular_Cube.002
<Matrix 4x4 (-1.0000, 0.0000,  0.0000, 0.0000)
            ( 0.0000, 1.0000, -0.0000, 0.0000)
            ( 0.0000, 0.0000,  1.0000, 0.0000)
            ( 4.7509, 0.0000,  5.6453, 1.0000)>
MESH
Floor_Modular_Cube.003
<Matrix 4x4 (-1.0000, 0.0000,  0.0000, 0.0000)
            ( 0.0000, 1.0000, -0.0000, 0.0000)
            ( 0.0000, 0.0000,  1.0000, 0.0000)
            ( 2.7583, 0.0000,  5.6453, 1.0000)>
MESH
Floor_Modular_Cube.004
<Matrix 4x4 (-1.0000, 0.0000,  0.0000, 0.0000)
            ( 0.0000, 1.0000, -0.0000, 0.0000)
            ( 0.0000, 0.0000,  1.0000, 0.0000)
            ( 0.7591, 0.0000,  5.6453, 1.0000)>
MESH
Floor_Modular_Cube.006
<Matrix 4x4 (-1.0000, 0.0000,  0.0000, 0.0000)
            ( 0.0000, 1.0000, -0.0000, 0.0000)
            ( 0.0000, 0.0000,  1.0000, 0.0000)
            (-3.2826, 0.0000,  5.6453, 1.0000)>
MESH
Column2_Cube.001
<Matrix 4x4 (-1.0000, 0.0000,  0.0000, 0.0000)
            ( 0.0000, 1.0000, -0.0000, 0.0000)
            ( 0.0000, 0.0000,  1.0000, 0.0000)
            (-6.1874, 0.0000,  6.5923, 1.0000)>
MESH
Floor_Modular_Cube.007
<Matrix 4x4 (-1.0000, 0.0000,  0.0000, 0.0000)
            ( 0.0000, 1.0000, -0.0000, 0.0000)
            ( 0.0000, 0.0000,  1.0000, 0.0000)
            (-5.2995, 0.0000,  5.6453, 1.0000)>
MESH
Floor_Modular_Cube.005
<Matrix 4x4 (-1.0000, 0.0000,  0.0000, 0.0000)
            ( 0.0000, 1.0000, -0.0000, 0.0000)
            ( 0.0000, 0.0000,  1.0000, 0.0000)
            (-1.2502, 0.0000,  5.6453, 1.0000)>
MESH
Wall_Modular_Cube.020
<Matrix 4x4 ( 0.0000, 0.0000,  1.0000, 0.0000)
            (-0.0000, 1.0000,  0.0000, 0.0000)
            ( 1.0000, 0.0000, -0.0000, 0.0000)
            (-6.2049, 1.0120,  1.2204, 1.0000)>
MESH
Wall_Modular_Cube.021
<Matrix 4x4 ( 0.0000, 0.0000, -1.0000, 0.0000)
            ( 0.0000, 1.0000,  0.0000, 0.0000)
            (-1.0000, 0.0000, -0.0000, 0.0000)
            (-6.2210, 1.0120,  3.1824, 1.0000)>
MESH
Wall_Modular_Cube.022
<Matrix 4x4 ( 0.0000,  0.0000,  1.0000, 0.0000)
            ( 0.0000,  1.0000, -0.0000, 0.0000)
            ( 1.0000, -0.0000, -0.0000, 0.0000)
            (-6.2485,  1.0120,  5.1442, 1.0000)>
MESH
Wall_Modular_Cube.023
<Matrix 4x4 ( 0.0140,  0.0000, -0.9999, 0.0000)
            (-0.0000,  1.0000, -0.0000, 0.0000)
            (-0.9999, -0.0000, -0.0140, 0.0000)
            (-6.2485,  2.9227,  5.1442, 1.0000)>
MESH
Wall_Modular_Cube.024
<Matrix 4x4 ( 0.0000, 0.0000,  1.0000, 0.0000)
            (-0.0000, 1.0000,  0.0000, 0.0000)
            ( 1.0000, 0.0000, -0.0000, 0.0000)
            (-6.2210, 2.9227,  3.1824, 1.0000)>
MESH
Wall_Modular_Cube.025
<Matrix 4x4 ( 0.0000, 0.0000,  1.0000, 0.0000)
            (-0.0000, 1.0000,  0.0000, 0.0000)
            ( 1.0000, 0.0000, -0.0000, 0.0000)
            (-6.2540, 2.9227,  1.2204, 1.0000)>
MESH
Column2_Cube.003
<Matrix 4x4 (-1.0000, 0.0000,  0.0000, 0.0000)
            ( 0.0000, 1.0000, -0.0000, 0.0000)
            ( 0.0000, 0.0000,  1.0000, 0.0000)
            (-6.1874, 0.0000, -3.8675, 1.0000)>
MESH
Floor_Modular_Cube.008
<Matrix 4x4 (-1.0000, 0.0000,  0.0000, 0.0000)
            ( 0.0000, 1.0000, -0.0000, 0.0000)
            ( 0.0000, 0.0000,  1.0000, 0.0000)
            ( 8.7107, 0.0000,  3.6208, 1.0000)>
MESH
Floor_Modular_Cube.009
<Matrix 4x4 (-1.0000, 0.0000,  0.0000, 0.0000)
            ( 0.0000, 1.0000, -0.0000, 0.0000)
            ( 0.0000, 0.0000,  1.0000, 0.0000)
            (-5.2995, 0.0000,  3.6208, 1.0000)>
MESH
Floor_Modular_Cube.010
<Matrix 4x4 (-1.0000, 0.0000,  0.0000, 0.0000)
            ( 0.0000, 1.0000, -0.0000, 0.0000)
            ( 0.0000, 0.0000,  1.0000, 0.0000)
            (-3.2826, 0.0000,  3.6208, 1.0000)>
MESH
Floor_Modular_Cube.011
<Matrix 4x4 (-1.0000, 0.0000,  0.0000, 0.0000)
            ( 0.0000, 1.0000, -0.0000, 0.0000)
            ( 0.0000, 0.0000,  1.0000, 0.0000)
            (-1.2502, 0.0000,  3.6208, 1.0000)>
MESH
Floor_Modular_Cube.012
<Matrix 4x4 (-1.0000, 0.0000,  0.0000, 0.0000)
            ( 0.0000, 1.0000, -0.0000, 0.0000)
            ( 0.0000, 0.0000,  1.0000, 0.0000)
            ( 0.7591, 0.0000,  3.6208, 1.0000)>
MESH
Floor_Modular_Cube.013
<Matrix 4x4 (-1.0000, 0.0000,  0.0000, 0.0000)
            ( 0.0000, 1.0000, -0.0000, 0.0000)
            ( 0.0000, 0.0000,  1.0000, 0.0000)
            ( 2.7583, 0.0000,  3.6208, 1.0000)>
MESH
Floor_Modular_Cube.014
<Matrix 4x4 (-1.0000, 0.0000,  0.0000, 0.0000)
            ( 0.0000, 1.0000, -0.0000, 0.0000)
            ( 0.0000, 0.0000,  1.0000, 0.0000)
            ( 4.7509, 0.0000,  3.6208, 1.0000)>
MESH
Floor_Modular_Cube.015
<Matrix 4x4 (-1.0000, 0.0000,  0.0000, 0.0000)
            ( 0.0000, 1.0000, -0.0000, 0.0000)
            ( 0.0000, 0.0000,  1.0000, 0.0000)
            ( 6.7464, 0.0000,  3.6208, 1.0000)>
MESH
Floor_Modular_Cube.016
<Matrix 4x4 (-1.0000, 0.0000,  0.0000, 0.0000)
            ( 0.0000, 1.0000, -0.0000, 0.0000)
            ( 0.0000, 0.0000,  1.0000, 0.0000)
            ( 8.7107, 0.0000,  1.6131, 1.0000)>
MESH
Floor_Modular_Cube.017
<Matrix 4x4 (-1.0000, 0.0000,  0.0000, 0.0000)
            ( 0.0000, 1.0000, -0.0000, 0.0000)
            ( 0.0000, 0.0000,  1.0000, 0.0000)
            ( 6.7464, 0.0000, -0.4113, 1.0000)>
MESH
Floor_Modular_Cube.018
<Matrix 4x4 (-1.0000, 0.0000,  0.0000, 0.0000)
            ( 0.0000, 1.0000, -0.0000, 0.0000)
            ( 0.0000, 0.0000,  1.0000, 0.0000)
            ( 4.7509, 0.0000, -0.4113, 1.0000)>
MESH
Floor_Modular_Cube.019
<Matrix 4x4 (-1.0000, 0.0000,  0.0000, 0.0000)
            ( 0.0000, 1.0000, -0.0000, 0.0000)
            ( 0.0000, 0.0000,  1.0000, 0.0000)
            ( 2.7583, 0.0000, -0.4113, 1.0000)>
MESH
Floor_Modular_Cube.020
<Matrix 4x4 (-1.0000, 0.0000,  0.0000, 0.0000)
            ( 0.0000, 1.0000, -0.0000, 0.0000)
            ( 0.0000, 0.0000,  1.0000, 0.0000)
            ( 0.7591, 0.0000, -0.4113, 1.0000)>
MESH
Floor_Modular_Cube.021
<Matrix 4x4 (-1.0000, 0.0000,  0.0000, 0.0000)
            ( 0.0000, 1.0000, -0.0000, 0.0000)
            ( 0.0000, 0.0000,  1.0000, 0.0000)
            (-1.2502, 0.0000, -0.4113, 1.0000)>
MESH
Floor_Modular_Cube.022
<Matrix 4x4 (-1.0000, 0.0000,  0.0000, 0.0000)
            ( 0.0000, 1.0000, -0.0000, 0.0000)
            ( 0.0000, 0.0000,  1.0000, 0.0000)
            (-3.2826, 0.0000, -0.4113, 1.0000)>
MESH
Floor_Modular_Cube.023
<Matrix 4x4 (-1.0000, 0.0000,  0.0000, 0.0000)
            ( 0.0000, 1.0000, -0.0000, 0.0000)
            ( 0.0000, 0.0000,  1.0000, 0.0000)
            (-5.2995, 0.0000, -0.4113, 1.0000)>
MESH
Floor_Modular_Cube.024
<Matrix 4x4 (-1.0000, 0.0000,  0.0000, 0.0000)
            ( 0.0000, 1.0000, -0.0000, 0.0000)
            ( 0.0000, 0.0000,  1.0000, 0.0000)
            ( 8.7107, 0.0000, -0.4113, 1.0000)>
MESH
Floor_Modular_Cube.025
<Matrix 4x4 (-1.0000, 0.0000,  0.0000, 0.0000)
            ( 0.0000, 1.0000, -0.0000, 0.0000)
            ( 0.0000, 0.0000,  1.0000, 0.0000)
            (-5.2995, 0.0000,  1.6131, 1.0000)>
MESH
Floor_Modular_Cube.026
<Matrix 4x4 (-1.0000, 0.0000,  0.0000, 0.0000)
            ( 0.0000, 1.0000, -0.0000, 0.0000)
            ( 0.0000, 0.0000,  1.0000, 0.0000)
            (-3.2826, 0.0000,  1.6131, 1.0000)>
MESH
Floor_Modular_Cube.027
<Matrix 4x4 (-1.0000, 0.0000,  0.0000, 0.0000)
            ( 0.0000, 1.0000, -0.0000, 0.0000)
            ( 0.0000, 0.0000,  1.0000, 0.0000)
            (-1.2502, 0.0000,  1.6131, 1.0000)>
MESH
Floor_Modular_Cube.028
<Matrix 4x4 (-1.0000, 0.0000,  0.0000, 0.0000)
            ( 0.0000, 1.0000, -0.0000, 0.0000)
            ( 0.0000, 0.0000,  1.0000, 0.0000)
            ( 0.7591, 0.0000,  1.6131, 1.0000)>
MESH
Floor_Modular_Cube.029
<Matrix 4x4 (-1.0000, 0.0000,  0.0000, 0.0000)
            ( 0.0000, 1.0000, -0.0000, 0.0000)
            ( 0.0000, 0.0000,  1.0000, 0.0000)
            ( 2.7583, 0.0000,  1.6131, 1.0000)>
MESH
Floor_Modular_Cube.030
<Matrix 4x4 (-1.0000, 0.0000,  0.0000, 0.0000)
            ( 0.0000, 1.0000, -0.0000, 0.0000)
            ( 0.0000, 0.0000,  1.0000, 0.0000)
            ( 4.7509, 0.0000,  1.6131, 1.0000)>
MESH
Floor_Modular_Cube.032
<Matrix 4x4 (-1.0000, 0.0000,  0.0000, 0.0000)
            ( 0.0000, 1.0000, -0.0000, 0.0000)
            ( 0.0000, 0.0000,  1.0000, 0.0000)
            ( 6.7464, 0.0000,  1.6131, 1.0000)>
MESH
Floor_Modular_Cube.033
<Matrix 4x4 (-1.0000, 0.0000,  0.0000, 0.0000)
            ( 0.0000, 1.0000, -0.0000, 0.0000)
            ( 0.0000, 0.0000,  1.0000, 0.0000)
            ( 8.7107, 0.0000, -2.4037, 1.0000)>
MESH
Floor_Modular_Cube.034
<Matrix 4x4 (-1.0000, 0.0000,  0.0000, 0.0000)
            ( 0.0000, 1.0000, -0.0000, 0.0000)
            ( 0.0000, 0.0000,  1.0000, 0.0000)
            ( 6.7464, 0.0000, -4.4281, 1.0000)>
MESH
Floor_Modular_Cube.035
<Matrix 4x4 (-1.0000, 0.0000,  0.0000, 0.0000)
            ( 0.0000, 1.0000, -0.0000, 0.0000)
            ( 0.0000, 0.0000,  1.0000, 0.0000)
            ( 4.7509, 0.0000, -4.4281, 1.0000)>
MESH
Floor_Modular_Cube.036
<Matrix 4x4 (-1.0000, 0.0000,  0.0000, 0.0000)
            ( 0.0000, 1.0000, -0.0000, 0.0000)
            ( 0.0000, 0.0000,  1.0000, 0.0000)
            ( 2.7583, 0.0000, -4.4281, 1.0000)>
MESH
Floor_Modular_Cube.037
<Matrix 4x4 (-1.0000, 0.0000,  0.0000, 0.0000)
            ( 0.0000, 1.0000, -0.0000, 0.0000)
            ( 0.0000, 0.0000,  1.0000, 0.0000)
            ( 0.7591, 0.0000, -4.4281, 1.0000)>
MESH
Floor_Modular_Cube.038
<Matrix 4x4 (-1.0000, 0.0000,  0.0000, 0.0000)
            ( 0.0000, 1.0000, -0.0000, 0.0000)
            ( 0.0000, 0.0000,  1.0000, 0.0000)
            (-1.2502, 0.0000, -4.4281, 1.0000)>
MESH
Floor_Modular_Cube.039
<Matrix 4x4 (-1.0000, 0.0000,  0.0000, 0.0000)
            ( 0.0000, 1.0000, -0.0000, 0.0000)
            ( 0.0000, 0.0000,  1.0000, 0.0000)
            (-3.2826, 0.0000, -4.4281, 1.0000)>
MESH
Floor_Modular_Cube.040
<Matrix 4x4 (-1.0000, 0.0000,  0.0000, 0.0000)
            ( 0.0000, 1.0000, -0.0000, 0.0000)
            ( 0.0000, 0.0000,  1.0000, 0.0000)
            (-5.2995, 0.0000, -4.4281, 1.0000)>
MESH
Floor_Modular_Cube.041
<Matrix 4x4 (-1.0000, 0.0000,  0.0000, 0.0000)
            ( 0.0000, 1.0000, -0.0000, 0.0000)
            ( 0.0000, 0.0000,  1.0000, 0.0000)
            ( 8.7107, 0.0000, -4.4281, 1.0000)>
MESH
Floor_Modular_Cube.042
<Matrix 4x4 (-1.0000, 0.0000,  0.0000, 0.0000)
            ( 0.0000, 1.0000, -0.0000, 0.0000)
            ( 0.0000, 0.0000,  1.0000, 0.0000)
            (-5.2995, 0.0000, -2.4037, 1.0000)>
MESH
Floor_Modular_Cube.044
<Matrix 4x4 (-1.0000, 0.0000,  0.0000, 0.0000)
            ( 0.0000, 1.0000, -0.0000, 0.0000)
            ( 0.0000, 0.0000,  1.0000, 0.0000)
            (-1.2502, 0.0000, -2.4037, 1.0000)>
MESH
Floor_Modular_Cube.045
<Matrix 4x4 (-1.0000, 0.0000,  0.0000, 0.0000)
            ( 0.0000, 1.0000, -0.0000, 0.0000)
            ( 0.0000, 0.0000,  1.0000, 0.0000)
            ( 0.7591, 0.0000, -2.4037, 1.0000)>
MESH
Floor_Modular_Cube.046
<Matrix 4x4 (-1.0000, 0.0000,  0.0000, 0.0000)
            ( 0.0000, 1.0000, -0.0000, 0.0000)
            ( 0.0000, 0.0000,  1.0000, 0.0000)
            ( 2.7583, 0.0000, -2.4037, 1.0000)>
MESH
Floor_Modular_Cube.047
<Matrix 4x4 (-1.0000, 0.0000,  0.0000, 0.0000)
            ( 0.0000, 1.0000, -0.0000, 0.0000)
            ( 0.0000, 0.0000,  1.0000, 0.0000)
            ( 4.7509, 0.0000, -2.4037, 1.0000)>
MESH
Floor_Modular_Cube.048
<Matrix 4x4 (-1.0000, 0.0000,  0.0000, 0.0000)
            ( 0.0000, 1.0000, -0.0000, 0.0000)
            ( 0.0000, 0.0000,  1.0000, 0.0000)
            ( 6.7464, 0.0000, -2.4037, 1.0000)>
MESH
Column2_Cube.008
<Matrix 4x4 (-1.0000, 0.0000,  0.0000, 0.0000)
            ( 0.0000, 1.0000, -0.0000, 0.0000)
            ( 0.0000, 0.0000,  1.0000, 0.0000)
            ( 9.6205, 0.0000, -3.8658, 1.0000)>
MESH
Wall_Modular_Cube.053
<Matrix 4x4 ( 0.0000, 0.0000, -1.0000, 0.0000)
            ( 0.0000, 1.0000,  0.0000, 0.0000)
            (-1.0000, 0.0000, -0.0000, 0.0000)
            ( 9.7152, 1.0120, -2.6853, 1.0000)>
MESH
Wall_Modular_Cube.054
<Matrix 4x4 (0.0000,  0.0000,  1.0000, 0.0000)
            (0.0000,  1.0000, -0.0000, 0.0000)
            (1.0000, -0.0000, -0.0000, 0.0000)
            (9.6877,  1.0120, -0.7236, 1.0000)>
MESH
Wall_Modular_Cube.055
<Matrix 4x4 ( 0.0140,  0.0000, -0.9999, 0.0000)
            (-0.0000,  1.0000, -0.0000, 0.0000)
            (-0.9999, -0.0000, -0.0140, 0.0000)
            ( 9.6877,  2.9227, -0.7236, 1.0000)>
MESH
Wall_Modular_Cube.056
<Matrix 4x4 ( 0.0000, 0.0000,  1.0000, 0.0000)
            (-0.0000, 1.0000,  0.0000, 0.0000)
            ( 1.0000, 0.0000, -0.0000, 0.0000)
            ( 9.7152, 2.9227, -2.6853, 1.0000)>
MESH
Wall_Modular_Cube.062
<Matrix 4x4 (-1.0000, 0.0000,  0.0000, 0.0000)
            ( 0.0000, 1.0000, -0.0000, 0.0000)
            ( 0.0000, 0.0000,  1.0000, 0.0000)
            ( 4.6701, 2.9227, -3.9693, 1.0000)>
MESH
Wall_Modular_Cube.063
<Matrix 4x4 (-1.0000, 0.0000,  0.0000, 0.0000)
            ( 0.0000, 1.0000, -0.0000, 0.0000)
            ( 0.0000, 0.0000,  1.0000, 0.0000)
            ( 6.6321, 2.9227, -3.9806, 1.0000)>
MESH
Wall_Modular_Cube.064
<Matrix 4x4 (-1.0000, 0.0000,  0.0000, 0.0000)
            ( 0.0000, 1.0000, -0.0000, 0.0000)
            ( 0.0000, 0.0000,  1.0000, 0.0000)
            ( 8.5940, 2.9227, -3.9806, 1.0000)>
MESH
Wall_Modular_Cube.065
<Matrix 4x4 (-1.0000, 0.0000,  0.0000, 0.0000)
            ( 0.0000, 1.0000, -0.0000, 0.0000)
            ( 0.0000, 0.0000,  1.0000, 0.0000)
            ( 8.5940, 1.0120, -3.9806, 1.0000)>
MESH
Wall_Modular_Cube.066
<Matrix 4x4 (-1.0000,  0.0000,  0.0000, 0.0000)
            ( 0.0000,  1.0000,  0.0000, 0.0000)
            ( 0.0000, -0.0000,  1.0000, 0.0000)
            ( 6.6321,  1.0120, -3.9806, 1.0000)>
MESH
Wall_Modular_Cube.067
<Matrix 4x4 (-1.0000, 0.0000,  0.0000, 0.0000)
            ( 0.0000, 1.0000, -0.0000, 0.0000)
            ( 0.0000, 0.0000,  1.0000, 0.0000)
            ( 4.6701, 1.0120, -3.9693, 1.0000)>
MESH
Wall_Modular_Cube.068
<Matrix 4x4 (-1.0000, 0.0000,  0.0000, 0.0000)
            ( 0.0000, 1.0000, -0.0000, 0.0000)
            ( 0.0000, 0.0000,  1.0000, 0.0000)
            (-1.1875, 1.0120, -3.9693, 1.0000)>
MESH
Wall_Modular_Cube.069
<Matrix 4x4 (-1.0000,  0.0000,  0.0000, 0.0000)
            ( 0.0000,  1.0000,  0.0000, 0.0000)
            ( 0.0000, -0.0000,  1.0000, 0.0000)
            ( 0.7745,  1.0120, -3.9806, 1.0000)>
MESH
Wall_Modular_Cube.070
<Matrix 4x4 (-1.0000, 0.0000,  0.0000, 0.0000)
            ( 0.0000, 1.0000, -0.0000, 0.0000)
            ( 0.0000, 0.0000,  1.0000, 0.0000)
            ( 2.7364, 1.0120, -3.9806, 1.0000)>
MESH
Wall_Modular_Cube.071
<Matrix 4x4 (-1.0000, 0.0000,  0.0000, 0.0000)
            ( 0.0000, 1.0000, -0.0000, 0.0000)
            ( 0.0000, 0.0000,  1.0000, 0.0000)
            ( 2.7364, 2.9227, -3.9806, 1.0000)>
MESH
Wall_Modular_Cube.072
<Matrix 4x4 (-1.0000, 0.0000,  0.0000, 0.0000)
            ( 0.0000, 1.0000, -0.0000, 0.0000)
            ( 0.0000, 0.0000,  1.0000, 0.0000)
            ( 0.7745, 2.9227, -3.9806, 1.0000)>
MESH
Wall_Modular_Cube.073
<Matrix 4x4 (-1.0000, 0.0000,  0.0000, 0.0000)
            ( 0.0000, 1.0000, -0.0000, 0.0000)
            ( 0.0000, 0.0000,  1.0000, 0.0000)
            (-1.1875, 2.9227, -3.9693, 1.0000)>
MESH
Wall_Modular_Cube.074
<Matrix 4x4 (-1.0000, 0.0000,  0.0000, 0.0000)
            ( 0.0000, 1.0000, -0.0000, 0.0000)
            ( 0.0000, 0.0000,  1.0000, 0.0000)
            (-5.1272, 2.9227, -3.9693, 1.0000)>
MESH
Wall_Modular_Cube.075
<Matrix 4x4 (-1.0000, 0.0000,  0.0000, 0.0000)
            ( 0.0000, 1.0000, -0.0000, 0.0000)
            ( 0.0000, 0.0000,  1.0000, 0.0000)
            (-3.1652, 2.9227, -3.9806, 1.0000)>
MESH
Wall_Modular_Cube.076
<Matrix 4x4 (-1.0000,  0.0000,  0.0000, 0.0000)
            ( 0.0000,  1.0000,  0.0000, 0.0000)
            ( 0.0000, -0.0000,  1.0000, 0.0000)
            (-3.1652,  1.0120, -3.9806, 1.0000)>
MESH
Wall_Modular_Cube.077
<Matrix 4x4 (-1.0000, 0.0000,  0.0000, 0.0000)
            ( 0.0000, 1.0000, -0.0000, 0.0000)
            ( 0.0000, 0.0000,  1.0000, 0.0000)
            (-5.1272, 1.0120, -3.9693, 1.0000)>
MESH
Stairs_SideCoverWall_Cube.001
<Matrix 4x4 (-1.0000,  0.0000,  0.0000, 0.0000)
            ( 0.0000,  1.0000, -0.0000, 0.0000)
            ( 0.0000,  0.0000,  1.0000, 0.0000)
            (-3.0622, -1.0251, -0.4590, 1.0000)>
MESH
Stairs_SideCoverWall_Cube.002
<Matrix 4x4 (-1.0000,  0.0000,  0.0000, 0.0000)
            ( 0.0000,  1.0000, -0.0000, 0.0000)
            ( 0.0000,  0.0000,  1.0000, 0.0000)
            (-5.4916, -1.0251, -0.4590, 1.0000)>
MESH
Stairs_SideCoverWall_Cube.003
<Matrix 4x4 ( 0.0000,  0.0000,  1.0000, 0.0000)
            (-0.0000,  1.0000,  0.0000, 0.0000)
            ( 1.0000,  0.0000, -0.0000, 0.0000)
            (-1.2650, -1.0251, -2.5800, 1.0000)>
MESH
Barrel_Cylinder.003
<Matrix 4x4 (-1.0000,  0.0000,  0.0000, 0.0000)
            ( 0.0000,  1.0000, -0.0000, 0.0000)
            ( 0.0000,  0.0000,  1.0000, 0.0000)
            ( 9.0046, -0.0000,  3.7611, 1.0000)>
MESH
Torch_Cylinder.005
<Matrix 4x4 ( 0.0000, 0.0000,  1.0000, 0.0000)
            (-0.0000, 1.0000,  0.0000, 0.0000)
            ( 1.0000, 0.0000, -0.0000, 0.0000)
            (-5.5503, 1.8521, -3.8692, 1.0000)>
MESH
Floor_BricksSeparate_Cube.001
<Matrix 4x4 (-1.0000, 0.0000,  0.0000, 0.0000)
            ( 0.0000, 1.0000, -0.0000, 0.0000)
            ( 0.0000, 0.0000,  1.0000, 0.0000)
            (-4.9104, 0.0636, -3.1677, 1.0000)>
MESH
Floor_BricksSeparate2_Cube.001
<Matrix 4x4 (-1.0000, 0.0000,  0.0000, 0.0000)
            ( 0.0000, 1.0000, -0.0000, 0.0000)
            ( 0.0000, 0.0000,  1.0000, 0.0000)
            (-5.1348, 0.0636,  1.8601, 1.0000)>
MESH
Brick_Cube.001
<Matrix 4x4 (-1.0000, 0.0000,  0.0000, 0.0000)
            ( 0.0000, 1.0000, -0.0000, 0.0000)
            ( 0.0000, 0.0000,  1.0000, 0.0000)
            ( 6.7850, 0.0636, -2.9800, 1.0000)>
MESH
Floor_BricksSeparate_Cube.002
<Matrix 4x4 (-1.0000, 0.0000,  0.0000, 0.0000)
            ( 0.0000, 1.0000, -0.0000, 0.0000)
            ( 0.0000, 0.0000,  1.0000, 0.0000)
            ( 5.2980, 0.0636, -2.7182, 1.0000)>
MESH
Coin_Pile_Cylinder.002
<Matrix 4x4 (-1.0000, 0.0000,  0.0000, 0.0000)
            ( 0.0000, 1.0000, -0.0000, 0.0000)
            ( 0.0000, 0.0000,  1.0000, 0.0000)
            ( 6.6361, 0.8057, -2.7322, 1.0000)>
MESH
Coin_Pile_Cylinder.003
<Matrix 4x4 (-1.0000, 0.0000,  0.0000, 0.0000)
            ( 0.0000, 1.0000, -0.0000, 0.0000)
            ( 0.0000, 0.0000,  1.0000, 0.0000)
            ( 5.8896, 0.8057, -2.1022, 1.0000)>
MESH
Coin_Pile_Cylinder.004
<Matrix 4x4 (-1.0000, 0.0000,  0.0000, 0.0000)
            ( 0.0000, 1.0000, -0.0000, 0.0000)
            ( 0.0000, 0.0000,  1.0000, 0.0000)
            ( 6.3907, 0.8057, -2.9665, 1.0000)>
MESH
Coin_Pile_Cylinder.005
<Matrix 4x4 (-1.0000, 0.0000,  0.0000, 0.0000)
            ( 0.0000, 1.0000, -0.0000, 0.0000)
            ( 0.0000, 0.0000,  1.0000, 0.0000)
            ( 5.2913, 0.8057, -2.0516, 1.0000)>
MESH
Barrel_Cylinder.004
<Matrix 4x4 (-1.0000,  0.0000,  0.0000, 0.0000)
            ( 0.0000,  1.0000, -0.0000, 0.0000)
            ( 0.0000,  0.0000,  1.0000, 0.0000)
            ( 9.0927, -0.0000, -1.4372, 1.0000)>
MESH
Barrel_Cylinder.005
<Matrix 4x4 (-1.0000, 0.0000,  0.0000, 0.0000)
            ( 0.0000, 1.0000, -0.0000, 0.0000)
            ( 0.0000, 0.0000,  1.0000, 0.0000)
            ( 8.9492, 0.0000, -2.4885, 1.0000)>
MESH
Floor_Modular_Cube.043
<Matrix 4x4 (-1.0000, 0.0000,  0.0000, 0.0000)
            ( 0.0000, 1.0000, -0.0000, 0.0000)
            ( 0.0000, 0.0000,  1.0000, 0.0000)
            (-3.3032, 0.0000, -2.4037, 1.0000)>
MESH
Wall_Modular_Cube.005
<Matrix 4x4 ( 0.0000, 0.0000,  1.0000, 0.0000)
            (-0.0000, 1.0000,  0.0000, 0.0000)
            ( 1.0000, 0.0000, -0.0000, 0.0000)
            (-6.2540, 2.9227, -2.7131, 1.0000)>
MESH
Wall_Modular_Cube.026
<Matrix 4x4 ( 0.0000, 0.0000,  1.0000, 0.0000)
            (-0.0000, 1.0000,  0.0000, 0.0000)
            ( 1.0000, 0.0000, -0.0000, 0.0000)
            (-6.2210, 2.9227, -0.7512, 1.0000)>
MESH
Wall_Modular_Cube.027
<Matrix 4x4 ( 0.0000, 0.0000, -1.0000, 0.0000)
            ( 0.0000, 1.0000,  0.0000, 0.0000)
            (-1.0000, 0.0000, -0.0000, 0.0000)
            (-6.2210, 1.0120, -0.7512, 1.0000)>
MESH
Wall_Modular_Cube.028
<Matrix 4x4 ( 0.0000, 0.0000,  1.0000, 0.0000)
            (-0.0000, 1.0000,  0.0000, 0.0000)
            ( 1.0000, 0.0000, -0.0000, 0.0000)
            (-6.2049, 1.0120, -2.7131, 1.0000)>
LIGHT
Point
POINT
<Color (r=1.0000, g=0.6321, b=0.2896)>
20.0
8.649999618530273
<Matrix 4x4 (-1.0000, 0.0000,  0.0000, 0.0000)
            ( 0.0000, 0.0000, -1.0000, 0.0000)
            ( 0.0000, 1.0000,  0.0000, 0.0000)
            ( 1.7871, 2.6738,  1.3089, 1.0000)>
LIGHT
Point.001
POINT
<Color (r=1.0002, g=0.1779, b=0.0044)>
15.0
5.0
<Matrix 4x4 (-1.0000, 0.0000,  0.0000, 0.0000)
            ( 0.0000, 0.0000, -1.0000, 0.0000)
            ( 0.0000, 1.0000,  0.0000, 0.0000)
            ( 9.2336, 2.5855,  2.0642, 1.0000)>
LIGHT
Point.002
POINT
<Color (r=1.0002, g=0.1779, b=0.0044)>
15.0
5.0
<Matrix 4x4 (-1.0000, 0.0000,  0.0000, 0.0000)
            ( 0.0000, 0.0000, -1.0000, 0.0000)
            ( 0.0000, 1.0000,  0.0000, 0.0000)
            ( 2.2185, 2.5558, -3.5614, 1.0000)>
