# Game Level Exporter v1.3
MESH
pauseMenuOverlay
<Matrix 4x4 (-0.2594, 0.0000,  0.0000, 0.0000)
            ( 0.0000, 0.2899, -0.0000, 0.0000)
            ( 0.0000, 0.0000,  0.3857, 0.0000)
            (-0.0035, 0.0277, -0.1265, 1.0000)>
MESH
pauseMenuTextButtonText
<Matrix 4x4 (-0.1163, 0.0000,  0.0000, 0.0000)
            ( 0.0000, 0.1163, -0.0000, 0.0000)
            ( 0.0000, 0.0000,  0.1163, 0.0000)
            (-0.1815, 0.3775, -0.0657, 1.0000)>
MESH
controlsPauseMenuButton
<Matrix 4x4 ( 0.1909,  0.0000,  0.0000, 0.0000)
            ( 0.0000, -0.0422,  0.0000, 0.0000)
            ( 0.0000, -0.0000, -0.1909, 0.0000)
            (-0.0040,  0.1869, -0.1265, 1.0000)>
MESH
restartPauseMenuButton
<Matrix 4x4 (-0.1909,  0.0000,  0.0000, 0.0000)
            (-0.0000, -0.0422, -0.0000, 0.0000)
            ( 0.0000, -0.0000,  0.1909, 0.0000)
            (-0.0040, -0.1732, -0.1265, 1.0000)>
MESH
ExitPauseMenuButton
<Matrix 4x4 (-0.1909,  0.0000,  0.0000, 0.0000)
            (-0.0000, -0.0422, -0.0000, 0.0000)
            ( 0.0000, -0.0000,  0.1909, 0.0000)
            (-0.0040, -0.3548, -0.1265, 1.0000)>
MESH
controlsPauseMenuButtonText
<Matrix 4x4 (-0.0867, 0.0000,  0.0000, 0.0000)
            ( 0.0000, 0.0867, -0.0000, 0.0000)
            ( 0.0000, 0.0000,  0.0867, 0.0000)
            (-0.0952, 0.1639, -0.0657, 1.0000)>
MESH
restartPauseMenuButtonText
<Matrix 4x4 (-0.0867,  0.0000,  0.0000, 0.0000)
            ( 0.0000,  0.0867, -0.0000, 0.0000)
            ( 0.0000,  0.0000,  0.0867, 0.0000)
            (-0.0871, -0.1969, -0.0657, 1.0000)>
MESH
ExitPauseMenuButtonText
<Matrix 4x4 (-0.0867,  0.0000,  0.0000, 0.0000)
            ( 0.0000,  0.0867, -0.0000, 0.0000)
            ( 0.0000,  0.0000,  0.0867, 0.0000)
            (-0.0576, -0.3765, -0.0657, 1.0000)>
MESH
resumePauseMenuButton
<Matrix 4x4 (-0.1909,  0.0000,  0.0000, 0.0000)
            (-0.0000, -0.0422, -0.0000, 0.0000)
            ( 0.0000, -0.0000,  0.1909, 0.0000)
            (-0.0040,  0.0046, -0.1265, 1.0000)>
MESH
resumePauseMenuButtonText
<Matrix 4x4 (-0.0867,  0.0000,  0.0000, 0.0000)
            ( 0.0000,  0.0867, -0.0000, 0.0000)
            ( 0.0000,  0.0000,  0.0867, 0.0000)
            (-0.0800, -0.0208, -0.0657, 1.0000)>
MESH
pauseMenuTextButton
<Matrix 4x4 (-0.1909,  0.0000,  0.0000, 0.0000)
            (-0.0000, -0.0422, -0.0000, 0.0000)
            ( 0.0000, -0.0000,  0.1909, 0.0000)
            (-0.0040,  0.4101, -0.1265, 1.0000)>
