# Game Level Exporter v1.3
MESH
Heart
<Matrix 4x4 (-0.0756, 0.0000,  0.0000, 0.0000)
            ( 0.0000, 0.0000, -0.0756, 0.0000)
            ( 0.0000, 2.2458,  0.0000, 0.0000)
            (-0.9652, 0.8700,  0.0000, 1.0000)>
MESH
Heart.001
<Matrix 4x4 (-0.0756, 0.0000,  0.0000, 0.0000)
            ( 0.0000, 0.0000, -0.0756, 0.0000)
            ( 0.0000, 0.0756,  0.0000, 0.0000)
            (-0.9047, 0.8700,  0.0000, 1.0000)>
MESH
Heart.002
<Matrix 4x4 (-0.0756, 0.0000,  0.0000, 0.0000)
            ( 0.0000, 0.0000, -0.0756, 0.0000)
            ( 0.0000, 0.0756,  0.0000, 0.0000)
            (-0.8442, 0.8700,  0.0000, 1.0000)>
MESH
Heart.003
<Matrix 4x4 (-0.0756, 0.0000,  0.0000, 0.0000)
            ( 0.0000, 0.0000, -0.0756, 0.0000)
            ( 0.0000, 0.0756,  0.0000, 0.0000)
            (-0.7837, 0.8700,  0.0000, 1.0000)>
MESH
Heart.004
<Matrix 4x4 (-0.0756, 0.0000,  0.0000, 0.0000)
            ( 0.0000, 0.0000, -0.0756, 0.0000)
            ( 0.0000, 0.0756,  0.0000, 0.0000)
            (-0.7233, 0.8700,  0.0000, 1.0000)>
MESH
Heart.005
<Matrix 4x4 (-0.0756, 0.0000,  0.0000, 0.0000)
            ( 0.0000, 0.0000, -0.0756, 0.0000)
            ( 0.0000, 0.0756,  0.0000, 0.0000)
            (-0.6628, 0.8700,  0.0000, 1.0000)>
MESH
Heart.006
<Matrix 4x4 (-0.0756, 0.0000,  0.0000, 0.0000)
            ( 0.0000, 0.0000, -0.0756, 0.0000)
            ( 0.0000, 0.0756,  0.0000, 0.0000)
            (-0.6023, 0.8700,  0.0000, 1.0000)>
MESH
Heart.007
<Matrix 4x4 (-0.0756, 0.0000,  0.0000, 0.0000)
            ( 0.0000, 0.0000, -0.0756, 0.0000)
            ( 0.0000, 0.0756,  0.0000, 0.0000)
            (-0.5418, 0.8700,  0.0000, 1.0000)>
MESH
levelText
<Matrix 4x4 ( -0.0000, 0.0000,  5.7791, 0.0000)
            ( -5.7791, 0.0000, -0.0000, 0.0000)
            (  0.0000, 5.7791,  0.0000, 0.0000)
            (-11.9571, 0.0000,  7.9903, 1.0000)>
MESH
one
<Matrix 4x4 ( -0.0000, 0.0000,  5.7791, 0.0000)
            ( -5.7791, 0.0000, -0.0000, 0.0000)
            (  0.0000, 5.7791,  0.0000, 0.0000)
            (-11.9680, 0.0000, -0.4646, 1.0000)>
MESH
zero
<Matrix 4x4 ( -0.0000,  0.0000,  5.7791, 0.0000)
            ( -5.7791,  0.0000, -0.0000, 0.0000)
            (  0.0000,  5.7791,  0.0000, 0.0000)
            (-12.0146, -0.0096, -0.2637, 1.0000)>
MESH
two
<Matrix 4x4 ( -0.0000, 0.0000,  5.7791, 0.0000)
            ( -5.7791, 0.0000, -0.0000, 0.0000)
            (  0.0000, 5.7791,  0.0000, 0.0000)
            (-12.0452, 0.0000,  0.0847, 1.0000)>
MESH
three
<Matrix 4x4 ( -0.0000,  0.0000,  5.7791, 0.0000)
            ( -5.7791,  0.0000, -0.0000, 0.0000)
            (  0.0000,  5.7791,  0.0000, 0.0000)
            (-12.0346, -0.0096, -0.1213, 1.0000)>
MESH
four
<Matrix 4x4 ( -0.0000,  0.0000,  5.7791, 0.0000)
            ( -5.7791,  0.0000, -0.0000, 0.0000)
            (  0.0000,  5.7791,  0.0000, 0.0000)
            (-12.0393, -0.0096, -0.1213, 1.0000)>
MESH
five
<Matrix 4x4 ( -0.0000,  0.0000,  5.7791, 0.0000)
            ( -5.7791,  0.0000, -0.0000, 0.0000)
            (  0.0000,  5.7791,  0.0000, 0.0000)
            (-12.0393, -0.0096, -0.1213, 1.0000)>
MESH
six
<Matrix 4x4 ( -0.0000,  0.0000,  5.7791, 0.0000)
            ( -5.7791,  0.0000, -0.0000, 0.0000)
            (  0.0000,  5.7791,  0.0000, 0.0000)
            (-12.0393, -0.0096, -0.1213, 1.0000)>
MESH
seven
<Matrix 4x4 ( -0.0000,  0.0000,  5.7791, 0.0000)
            ( -5.7791,  0.0000, -0.0000, 0.0000)
            (  0.0000,  5.7791,  0.0000, 0.0000)
            (-12.0393, -0.0096, -0.1213, 1.0000)>
MESH
eight
<Matrix 4x4 ( -0.0000,  0.0000,  5.7791, 0.0000)
            ( -5.7791,  0.0000, -0.0000, 0.0000)
            (  0.0000,  5.7791,  0.0000, 0.0000)
            (-12.0573, -0.0192, -0.1238, 1.0000)>
MESH
nine
<Matrix 4x4 ( -0.0000,  0.0000,  5.7791, 0.0000)
            ( -5.7791,  0.0000, -0.0000, 0.0000)
            (  0.0000,  5.7791,  0.0000, 0.0000)
            (-12.0573, -0.0192, -0.1238, 1.0000)>
MESH
one.001
<Matrix 4x4 (  0.0000, 0.0000,   5.7791, 0.0000)
            ( -5.7791, 0.0000,   0.0000, 0.0000)
            (  0.0000, 5.7791,   0.0000, 0.0000)
            (-11.9680, 0.0000, -27.5733, 1.0000)>
MESH
zero.001
<Matrix 4x4 (  0.0000,  0.0000,   5.7791, 0.0000)
            ( -5.7791,  0.0000,   0.0000, 0.0000)
            (  0.0000,  5.7791,   0.0000, 0.0000)
            (-12.0146, -0.0096, -27.3724, 1.0000)>
MESH
two.001
<Matrix 4x4 (  0.0000, 0.0000,   5.7791, 0.0000)
            ( -5.7791, 0.0000,   0.0000, 0.0000)
            (  0.0000, 5.7791,   0.0000, 0.0000)
            (-12.0452, 0.0000, -27.0240, 1.0000)>
MESH
three.001
<Matrix 4x4 (  0.0000,  0.0000,   5.7791, 0.0000)
            ( -5.7791,  0.0000,   0.0000, 0.0000)
            (  0.0000,  5.7791,   0.0000, 0.0000)
            (-12.0346, -0.0096, -27.2299, 1.0000)>
MESH
four.001
<Matrix 4x4 (  0.0000,  0.0000,   5.7791, 0.0000)
            ( -5.7791,  0.0000,   0.0000, 0.0000)
            (  0.0000,  5.7791,   0.0000, 0.0000)
            (-12.0393, -0.0096, -27.2299, 1.0000)>
MESH
five.001
<Matrix 4x4 (  0.0000,  0.0000,   5.7791, 0.0000)
            ( -5.7791,  0.0000,   0.0000, 0.0000)
            (  0.0000,  5.7791,   0.0000, 0.0000)
            (-12.0393, -0.0096, -27.2299, 1.0000)>
MESH
six.001
<Matrix 4x4 (  0.0000,  0.0000,   5.7791, 0.0000)
            ( -5.7791,  0.0000,   0.0000, 0.0000)
            (  0.0000,  5.7791,   0.0000, 0.0000)
            (-12.0393, -0.0096, -27.2299, 1.0000)>
MESH
seven.001
<Matrix 4x4 (  0.0000,  0.0000,   5.7791, 0.0000)
            ( -5.7791,  0.0000,   0.0000, 0.0000)
            (  0.0000,  5.7791,   0.0000, 0.0000)
            (-12.0393, -0.0096, -27.2299, 1.0000)>
MESH
eight.001
<Matrix 4x4 (  0.0000,  0.0000,   5.7791, 0.0000)
            ( -5.7791,  0.0000,   0.0000, 0.0000)
            (  0.0000,  5.7791,   0.0000, 0.0000)
            (-12.0573, -0.0192, -27.2325, 1.0000)>
MESH
nine.001
<Matrix 4x4 (  0.0000,  0.0000,   5.7791, 0.0000)
            ( -5.7791,  0.0000,   0.0000, 0.0000)
            (  0.0000,  5.7791,   0.0000, 0.0000)
            (-12.0573, -0.0192, -27.2325, 1.0000)>
MESH
one.002
<Matrix 4x4 (  0.0000, 0.0000,   5.7791, 0.0000)
            ( -5.7791, 0.0000,   0.0000, 0.0000)
            (  0.0000, 5.7791,   0.0000, 0.0000)
            (-11.9680, 0.0000, -31.0258, 1.0000)>
MESH
zero.002
<Matrix 4x4 (  0.0000,  0.0000,   5.7791, 0.0000)
            ( -5.7791,  0.0000,   0.0000, 0.0000)
            (  0.0000,  5.7791,   0.0000, 0.0000)
            (-12.0146, -0.0096, -30.8249, 1.0000)>
MESH
two.002
<Matrix 4x4 (  0.0000, 0.0000,   5.7791, 0.0000)
            ( -5.7791, 0.0000,   0.0000, 0.0000)
            (  0.0000, 5.7791,   0.0000, 0.0000)
            (-12.0452, 0.0000, -30.4765, 1.0000)>
MESH
three.002
<Matrix 4x4 (  0.0000,  0.0000,   5.7791, 0.0000)
            ( -5.7791,  0.0000,   0.0000, 0.0000)
            (  0.0000,  5.7791,   0.0000, 0.0000)
            (-12.0346, -0.0096, -30.6825, 1.0000)>
MESH
four.002
<Matrix 4x4 (  0.0000,  0.0000,   5.7791, 0.0000)
            ( -5.7791,  0.0000,   0.0000, 0.0000)
            (  0.0000,  5.7791,   0.0000, 0.0000)
            (-12.0393, -0.0096, -30.6825, 1.0000)>
MESH
five.002
<Matrix 4x4 (  0.0000,  0.0000,   5.7791, 0.0000)
            ( -5.7791,  0.0000,   0.0000, 0.0000)
            (  0.0000,  5.7791,   0.0000, 0.0000)
            (-12.0393, -0.0096, -30.6825, 1.0000)>
MESH
six.002
<Matrix 4x4 (  0.0000,  0.0000,   5.7791, 0.0000)
            ( -5.7791,  0.0000,   0.0000, 0.0000)
            (  0.0000,  5.7791,   0.0000, 0.0000)
            (-12.0393, -0.0096, -30.6825, 1.0000)>
MESH
seven.002
<Matrix 4x4 (  0.0000,  0.0000,   5.7791, 0.0000)
            ( -5.7791,  0.0000,   0.0000, 0.0000)
            (  0.0000,  5.7791,   0.0000, 0.0000)
            (-12.0393, -0.0096, -30.6825, 1.0000)>
MESH
eight.002
<Matrix 4x4 (  0.0000,  0.0000,   5.7791, 0.0000)
            ( -5.7791,  0.0000,   0.0000, 0.0000)
            (  0.0000,  5.7791,   0.0000, 0.0000)
            (-12.0573, -0.0192, -30.6850, 1.0000)>
MESH
nine.002
<Matrix 4x4 (  0.0000,  0.0000,   5.7791, 0.0000)
            ( -5.7791,  0.0000,   0.0000, 0.0000)
            (  0.0000,  5.7791,   0.0000, 0.0000)
            (-12.0573, -0.0192, -30.6850, 1.0000)>
MESH
one.003
<Matrix 4x4 (  0.0000, 0.0000,   5.7791, 0.0000)
            ( -5.7791, 0.0000,   0.0000, 0.0000)
            (  0.0000, 5.7791,   0.0000, 0.0000)
            (-11.9680, 0.0000, -34.1628, 1.0000)>
MESH
zero.003
<Matrix 4x4 (  0.0000,  0.0000,   5.7791, 0.0000)
            ( -5.7791,  0.0000,   0.0000, 0.0000)
            (  0.0000,  5.7791,   0.0000, 0.0000)
            (-12.0146, -0.0096, -33.9619, 1.0000)>
MESH
two.003
<Matrix 4x4 (  0.0000, 0.0000,   5.7791, 0.0000)
            ( -5.7791, 0.0000,   0.0000, 0.0000)
            (  0.0000, 5.7791,   0.0000, 0.0000)
            (-12.0452, 0.0000, -33.6135, 1.0000)>
MESH
three.003
<Matrix 4x4 (  0.0000,  0.0000,   5.7791, 0.0000)
            ( -5.7791,  0.0000,   0.0000, 0.0000)
            (  0.0000,  5.7791,   0.0000, 0.0000)
            (-12.0346, -0.0096, -33.8195, 1.0000)>
MESH
four.003
<Matrix 4x4 (  0.0000,  0.0000,   5.7791, 0.0000)
            ( -5.7791,  0.0000,   0.0000, 0.0000)
            (  0.0000,  5.7791,   0.0000, 0.0000)
            (-12.0393, -0.0096, -33.8195, 1.0000)>
MESH
five.003
<Matrix 4x4 (  0.0000,  0.0000,   5.7791, 0.0000)
            ( -5.7791,  0.0000,   0.0000, 0.0000)
            (  0.0000,  5.7791,   0.0000, 0.0000)
            (-12.0393, -0.0096, -33.8195, 1.0000)>
MESH
six.003
<Matrix 4x4 (  0.0000,  0.0000,   5.7791, 0.0000)
            ( -5.7791,  0.0000,   0.0000, 0.0000)
            (  0.0000,  5.7791,   0.0000, 0.0000)
            (-12.0393, -0.0096, -33.8195, 1.0000)>
MESH
seven.003
<Matrix 4x4 (  0.0000,  0.0000,   5.7791, 0.0000)
            ( -5.7791,  0.0000,   0.0000, 0.0000)
            (  0.0000,  5.7791,   0.0000, 0.0000)
            (-12.0393, -0.0096, -33.8195, 1.0000)>
MESH
eight.003
<Matrix 4x4 (  0.0000,  0.0000,   5.7791, 0.0000)
            ( -5.7791,  0.0000,   0.0000, 0.0000)
            (  0.0000,  5.7791,   0.0000, 0.0000)
            (-12.0573, -0.0192, -33.8220, 1.0000)>
MESH
nine.003
<Matrix 4x4 (  0.0000,  0.0000,   5.7791, 0.0000)
            ( -5.7791,  0.0000,   0.0000, 0.0000)
            (  0.0000,  5.7791,   0.0000, 0.0000)
            (-12.0573, -0.0192, -33.8220, 1.0000)>
MESH
one.004
<Matrix 4x4 (  0.0000, 0.0000,   5.7791, 0.0000)
            ( -5.7791, 0.0000,   0.0000, 0.0000)
            (  0.0000, 5.7791,   0.0000, 0.0000)
            (-11.9680, 0.0000, -37.1262, 1.0000)>
MESH
zero.004
<Matrix 4x4 (  0.0000,  0.0000,   5.7791, 0.0000)
            ( -5.7791,  0.0000,   0.0000, 0.0000)
            (  0.0000,  5.7791,   0.0000, 0.0000)
            (-12.0146, -0.0096, -36.9253, 1.0000)>
MESH
two.004
<Matrix 4x4 (  0.0000, 0.0000,   5.7791, 0.0000)
            ( -5.7791, 0.0000,   0.0000, 0.0000)
            (  0.0000, 5.7791,   0.0000, 0.0000)
            (-12.0452, 0.0000, -36.5769, 1.0000)>
MESH
three.004
<Matrix 4x4 (  0.0000,  0.0000,   5.7791, 0.0000)
            ( -5.7791,  0.0000,   0.0000, 0.0000)
            (  0.0000,  5.7791,   0.0000, 0.0000)
            (-12.0346, -0.0096, -36.7829, 1.0000)>
MESH
four.004
<Matrix 4x4 (  0.0000,  0.0000,   5.7791, 0.0000)
            ( -5.7791,  0.0000,   0.0000, 0.0000)
            (  0.0000,  5.7791,   0.0000, 0.0000)
            (-12.0393, -0.0096, -36.7829, 1.0000)>
MESH
five.004
<Matrix 4x4 (  0.0000,  0.0000,   5.7791, 0.0000)
            ( -5.7791,  0.0000,   0.0000, 0.0000)
            (  0.0000,  5.7791,   0.0000, 0.0000)
            (-12.0393, -0.0096, -36.7829, 1.0000)>
MESH
six.004
<Matrix 4x4 (  0.0000,  0.0000,   5.7791, 0.0000)
            ( -5.7791,  0.0000,   0.0000, 0.0000)
            (  0.0000,  5.7791,   0.0000, 0.0000)
            (-12.0393, -0.0096, -36.7829, 1.0000)>
MESH
seven.004
<Matrix 4x4 (  0.0000,  0.0000,   5.7791, 0.0000)
            ( -5.7791,  0.0000,   0.0000, 0.0000)
            (  0.0000,  5.7791,   0.0000, 0.0000)
            (-12.0393, -0.0096, -36.7829, 1.0000)>
MESH
eight.004
<Matrix 4x4 (  0.0000,  0.0000,   5.7791, 0.0000)
            ( -5.7791,  0.0000,   0.0000, 0.0000)
            (  0.0000,  5.7791,   0.0000, 0.0000)
            (-12.0573, -0.0192, -36.7854, 1.0000)>
MESH
nine.004
<Matrix 4x4 (  0.0000,  0.0000,   5.7791, 0.0000)
            ( -5.7791,  0.0000,   0.0000, 0.0000)
            (  0.0000,  5.7791,   0.0000, 0.0000)
            (-12.0573, -0.0192, -36.7854, 1.0000)>
MESH
pauseText
<Matrix 4x4 (-0.0000, 0.0000,  9.4538, 0.0000)
            (-9.4538, 0.0000, -0.0000, 0.0000)
            ( 0.0000, 9.4538,  0.0000, 0.0000)
            (11.4131, 0.0000, 36.9609, 1.0000)>
MESH
startText
<Matrix 4x4 (-0.0000, 0.0000,  9.4538, 0.0000)
            (-9.4538, 0.0000, -0.0000, 0.0000)
            ( 0.0000, 9.4538,  0.0000, 0.0000)
            (11.3536, 0.0009,  6.1134, 1.0000)>
MESH
levelCompleteText
<Matrix 4x4 (-0.0000, 0.0000,  2.0000, 0.0000)
            (-2.0000, 0.0000, -0.0000, 0.0000)
            ( 0.0000, 1.0000,  0.0000, 0.0000)
            ( 3.9324, 0.0000,  0.0000, 1.0000)>
