# Game Level Exporter v1.3
MESH
Floor_Modular_Cube.031
<Matrix 4x4 (-1.0000, 0.0000,  0.0000, 0.0000)
            ( 0.0000, 1.0000, -0.0000, 0.0000)
            ( 0.0000, 0.0000,  1.0000, 0.0000)
            ( 0.0000, 0.0000, -1.0000, 1.0000)>
MESH
Floor_Modular_Cube.002
<Matrix 4x4 (-1.0000, 0.0000,  0.0000, 0.0000)
            ( 0.0000, 1.0000, -0.0000, 0.0000)
            ( 0.0000, 0.0000,  1.0000, 0.0000)
            ( 0.0000, 0.0000,  1.0000, 1.0000)>
MESH
Floor_Modular_Cube.001
<Matrix 4x4 (-1.0000, 0.0000,  0.0000, 0.0000)
            ( 0.0000, 1.0000, -0.0000, 0.0000)
            ( 0.0000, 0.0000,  1.0000, 0.0000)
            ( 0.0000, 0.0000,  3.0000, 1.0000)>
MESH
Floor_Modular_Cube.003
<Matrix 4x4 (-1.0000, 0.0000,  0.0000, 0.0000)
            ( 0.0000, 1.0000, -0.0000, 0.0000)
            ( 0.0000, 0.0000,  1.0000, 0.0000)
            ( 2.0000, 0.0000, -1.0000, 1.0000)>
MESH
Floor_Modular_Cube.004
<Matrix 4x4 (-1.0000, 0.0000,  0.0000, 0.0000)
            ( 0.0000, 1.0000, -0.0000, 0.0000)
            ( 0.0000, 0.0000,  1.0000, 0.0000)
            ( 2.0000, 0.0000,  1.0000, 1.0000)>
MESH
Floor_Modular_Cube.005
<Matrix 4x4 (-1.0000, 0.0000,  0.0000, 0.0000)
            ( 0.0000, 1.0000, -0.0000, 0.0000)
            ( 0.0000, 0.0000,  1.0000, 0.0000)
            ( 2.0000, 0.0000,  3.0000, 1.0000)>
MESH
Floor_Modular_Cube.006
<Matrix 4x4 (-1.0000, 0.0000,  0.0000, 0.0000)
            ( 0.0000, 1.0000, -0.0000, 0.0000)
            ( 0.0000, 0.0000,  1.0000, 0.0000)
            (-4.0000, 0.0000, -1.0000, 1.0000)>
MESH
Floor_Modular_Cube.007
<Matrix 4x4 (-1.0000, 0.0000,  0.0000, 0.0000)
            ( 0.0000, 1.0000, -0.0000, 0.0000)
            ( 0.0000, 0.0000,  1.0000, 0.0000)
            (-4.0000, 0.0000,  1.0000, 1.0000)>
MESH
Floor_Modular_Cube.008
<Matrix 4x4 (-1.0000, 0.0000,  0.0000, 0.0000)
            ( 0.0000, 1.0000, -0.0000, 0.0000)
            ( 0.0000, 0.0000,  1.0000, 0.0000)
            (-4.0000, 0.0000,  3.0000, 1.0000)>
MESH
Floor_Modular_Cube.009
<Matrix 4x4 (-1.0000, 0.0000,  0.0000, 0.0000)
            ( 0.0000, 1.0000, -0.0000, 0.0000)
            ( 0.0000, 0.0000,  1.0000, 0.0000)
            (-2.0000, 0.0000, -1.0000, 1.0000)>
MESH
Floor_Modular_Cube.010
<Matrix 4x4 (-1.0000, 0.0000,  0.0000, 0.0000)
            ( 0.0000, 1.0000, -0.0000, 0.0000)
            ( 0.0000, 0.0000,  1.0000, 0.0000)
            (-2.0000, 0.0000,  1.0000, 1.0000)>
MESH
Floor_Modular_Cube.011
<Matrix 4x4 (-1.0000, 0.0000,  0.0000, 0.0000)
            ( 0.0000, 1.0000, -0.0000, 0.0000)
            ( 0.0000, 0.0000,  1.0000, 0.0000)
            (-2.0000, 0.0000,  3.0000, 1.0000)>
MESH
Floor_Modular_Cube.012
<Matrix 4x4 (-1.0000, 0.0000,  0.0000, 0.0000)
            ( 0.0000, 1.0000, -0.0000, 0.0000)
            ( 0.0000, 0.0000,  1.0000, 0.0000)
            (-4.0000, 0.0000, -7.0000, 1.0000)>
MESH
Floor_Modular_Cube.013
<Matrix 4x4 (-1.0000, 0.0000,  0.0000, 0.0000)
            ( 0.0000, 1.0000, -0.0000, 0.0000)
            ( 0.0000, 0.0000,  1.0000, 0.0000)
            (-4.0000, 0.0000, -5.0000, 1.0000)>
MESH
Floor_Modular_Cube.014
<Matrix 4x4 (-1.0000, 0.0000,  0.0000, 0.0000)
            ( 0.0000, 1.0000, -0.0000, 0.0000)
            ( 0.0000, 0.0000,  1.0000, 0.0000)
            (-4.0000, 0.0000, -3.0000, 1.0000)>
MESH
Floor_Modular_Cube.016
<Matrix 4x4 (-1.0000, 0.0000,  0.0000, 0.0000)
            ( 0.0000, 1.0000, -0.0000, 0.0000)
            ( 0.0000, 0.0000,  1.0000, 0.0000)
            (-2.0000, 0.0000, -5.0000, 1.0000)>
MESH
Floor_Modular_Cube.017
<Matrix 4x4 (-1.0000, 0.0000,  0.0000, 0.0000)
            ( 0.0000, 1.0000, -0.0000, 0.0000)
            ( 0.0000, 0.0000,  1.0000, 0.0000)
            (-2.0000, 0.0000, -3.0000, 1.0000)>
MESH
Floor_Modular_Cube.020
<Matrix 4x4 (-1.0000, 0.0000,  0.0000, 0.0000)
            ( 0.0000, 1.0000, -0.0000, 0.0000)
            ( 0.0000, 0.0000,  1.0000, 0.0000)
            ( 0.0000, 0.0000, -3.0000, 1.0000)>
MESH
Floor_Modular_Cube.023
<Matrix 4x4 (-1.0000, 0.0000,  0.0000, 0.0000)
            ( 0.0000, 1.0000, -0.0000, 0.0000)
            ( 0.0000, 0.0000,  1.0000, 0.0000)
            ( 2.0000, 0.0000, -3.0000, 1.0000)>
MESH
Floor_Modular_Cube.024
<Matrix 4x4 (-1.0000, 0.0000,   0.0000, 0.0000)
            ( 0.0000, 1.0000,  -0.0000, 0.0000)
            ( 0.0000, 0.0000,   1.0000, 0.0000)
            ( 0.0000, 0.0000, -13.0000, 1.0000)>
MESH
Floor_Modular_Cube.027
<Matrix 4x4 (-1.0000, 0.0000,   0.0000, 0.0000)
            ( 0.0000, 1.0000,  -0.0000, 0.0000)
            ( 0.0000, 0.0000,   1.0000, 0.0000)
            ( 2.0000, 0.0000, -13.0000, 1.0000)>
MESH
Floor_Modular_Cube.030
<Matrix 4x4 (-1.0000, 0.0000,   0.0000, 0.0000)
            ( 0.0000, 1.0000,  -0.0000, 0.0000)
            ( 0.0000, 0.0000,   1.0000, 0.0000)
            (-4.0000, 0.0000, -13.0000, 1.0000)>
MESH
Floor_Modular_Cube.032
<Matrix 4x4 (-1.0000, 0.0000,   0.0000, 0.0000)
            ( 0.0000, 1.0000,  -0.0000, 0.0000)
            ( 0.0000, 0.0000,   1.0000, 0.0000)
            (-4.0000, 0.0000, -11.0000, 1.0000)>
MESH
Floor_Modular_Cube.033
<Matrix 4x4 (-1.0000, 0.0000,  0.0000, 0.0000)
            ( 0.0000, 1.0000, -0.0000, 0.0000)
            ( 0.0000, 0.0000,  1.0000, 0.0000)
            (-4.0000, 0.0000, -9.0000, 1.0000)>
MESH
Floor_Modular_Cube.034
<Matrix 4x4 (-1.0000, 0.0000,   0.0000, 0.0000)
            ( 0.0000, 1.0000,  -0.0000, 0.0000)
            ( 0.0000, 0.0000,   1.0000, 0.0000)
            (-2.0000, 0.0000, -13.0000, 1.0000)>
MESH
Floor_Modular_Cube.035
<Matrix 4x4 (-1.0000, 0.0000,   0.0000, 0.0000)
            ( 0.0000, 1.0000,  -0.0000, 0.0000)
            ( 0.0000, 0.0000,   1.0000, 0.0000)
            (-2.0000, 0.0000, -11.0000, 1.0000)>
MESH
Floor_Modular_Cube.037
<Matrix 4x4 (-1.0000, 0.0000,   0.0000, 0.0000)
            ( 0.0000, 1.0000,  -0.0000, 0.0000)
            ( 0.0000, 0.0000,   1.0000, 0.0000)
            (-4.0000, 0.0000, -19.0000, 1.0000)>
MESH
Floor_Modular_Cube.038
<Matrix 4x4 (-1.0000, 0.0000,   0.0000, 0.0000)
            ( 0.0000, 1.0000,  -0.0000, 0.0000)
            ( 0.0000, 0.0000,   1.0000, 0.0000)
            (-4.0000, 0.0000, -17.0000, 1.0000)>
MESH
Floor_Modular_Cube.039
<Matrix 4x4 (-1.0000, 0.0000,   0.0000, 0.0000)
            ( 0.0000, 1.0000,  -0.0000, 0.0000)
            ( 0.0000, 0.0000,   1.0000, 0.0000)
            (-4.0000, 0.0000, -15.0000, 1.0000)>
MESH
Floor_Modular_Cube.040
<Matrix 4x4 (-1.0000, 0.0000,   0.0000, 0.0000)
            ( 0.0000, 1.0000,  -0.0000, 0.0000)
            ( 0.0000, 0.0000,   1.0000, 0.0000)
            (-2.0000, 0.0000, -19.0000, 1.0000)>
MESH
Floor_Modular_Cube.041
<Matrix 4x4 (-1.0000, 0.0000,   0.0000, 0.0000)
            ( 0.0000, 1.0000,  -0.0000, 0.0000)
            ( 0.0000, 0.0000,   1.0000, 0.0000)
            (-2.0000, 0.0000, -17.0000, 1.0000)>
MESH
Floor_Modular_Cube.042
<Matrix 4x4 (-1.0000, 0.0000,   0.0000, 0.0000)
            ( 0.0000, 1.0000,  -0.0000, 0.0000)
            ( 0.0000, 0.0000,   1.0000, 0.0000)
            (-2.0000, 0.0000, -15.0000, 1.0000)>
MESH
Floor_Modular_Cube.043
<Matrix 4x4 (-1.0000, 0.0000,   0.0000, 0.0000)
            ( 0.0000, 1.0000,  -0.0000, 0.0000)
            ( 0.0000, 0.0000,   1.0000, 0.0000)
            ( 0.0000, 0.0000, -19.0000, 1.0000)>
MESH
Floor_Modular_Cube.044
<Matrix 4x4 (-1.0000, 0.0000,   0.0000, 0.0000)
            ( 0.0000, 1.0000,  -0.0000, 0.0000)
            ( 0.0000, 0.0000,   1.0000, 0.0000)
            ( 0.0000, 0.0000, -17.0000, 1.0000)>
MESH
Floor_Modular_Cube.045
<Matrix 4x4 (-1.0000, 0.0000,   0.0000, 0.0000)
            ( 0.0000, 1.0000,  -0.0000, 0.0000)
            ( 0.0000, 0.0000,   1.0000, 0.0000)
            ( 0.0000, 0.0000, -15.0000, 1.0000)>
MESH
Floor_Modular_Cube.046
<Matrix 4x4 (-1.0000, 0.0000,   0.0000, 0.0000)
            ( 0.0000, 1.0000,  -0.0000, 0.0000)
            ( 0.0000, 0.0000,   1.0000, 0.0000)
            ( 2.0000, 0.0000, -19.0000, 1.0000)>
MESH
Floor_Modular_Cube.047
<Matrix 4x4 (-1.0000, 0.0000,   0.0000, 0.0000)
            ( 0.0000, 1.0000,  -0.0000, 0.0000)
            ( 0.0000, 0.0000,   1.0000, 0.0000)
            ( 2.0000, 0.0000, -17.0000, 1.0000)>
MESH
Floor_Modular_Cube.048
<Matrix 4x4 (-1.0000, 0.0000,   0.0000, 0.0000)
            ( 0.0000, 1.0000,  -0.0000, 0.0000)
            ( 0.0000, 0.0000,   1.0000, 0.0000)
            ( 2.0000, 0.0000, -15.0000, 1.0000)>
MESH
Floor_Modular_Cube.049
<Matrix 4x4 (-1.0000, 0.0000,  0.0000, 0.0000)
            ( 0.0000, 1.0000, -0.0000, 0.0000)
            ( 0.0000, 0.0000,  1.0000, 0.0000)
            (-8.0000, 0.0000, -1.0000, 1.0000)>
MESH
Floor_Modular_Cube.050
<Matrix 4x4 (-1.0000, 0.0000,  0.0000, 0.0000)
            ( 0.0000, 1.0000, -0.0000, 0.0000)
            ( 0.0000, 0.0000,  1.0000, 0.0000)
            (-8.0000, 0.0000,  1.0000, 1.0000)>
MESH
Floor_Modular_Cube.051
<Matrix 4x4 (-1.0000, 0.0000,  0.0000, 0.0000)
            ( 0.0000, 1.0000, -0.0000, 0.0000)
            ( 0.0000, 0.0000,  1.0000, 0.0000)
            (-8.0000, 0.0000,  3.0000, 1.0000)>
MESH
Floor_Modular_Cube.052
<Matrix 4x4 (-1.0000, 0.0000,  0.0000, 0.0000)
            ( 0.0000, 1.0000, -0.0000, 0.0000)
            ( 0.0000, 0.0000,  1.0000, 0.0000)
            (-6.0000, 0.0000, -1.0000, 1.0000)>
MESH
Floor_Modular_Cube.053
<Matrix 4x4 (-1.0000, 0.0000,  0.0000, 0.0000)
            ( 0.0000, 1.0000, -0.0000, 0.0000)
            ( 0.0000, 0.0000,  1.0000, 0.0000)
            (-6.0000, 0.0000,  1.0000, 1.0000)>
MESH
Floor_Modular_Cube.054
<Matrix 4x4 (-1.0000, 0.0000,  0.0000, 0.0000)
            ( 0.0000, 1.0000, -0.0000, 0.0000)
            ( 0.0000, 0.0000,  1.0000, 0.0000)
            (-6.0000, 0.0000,  3.0000, 1.0000)>
MESH
Floor_Modular_Cube.055
<Matrix 4x4 ( -1.0000, 0.0000,  0.0000, 0.0000)
            (  0.0000, 1.0000, -0.0000, 0.0000)
            (  0.0000, 0.0000,  1.0000, 0.0000)
            (-12.0000, 0.0000, -1.0000, 1.0000)>
MESH
Floor_Modular_Cube.056
<Matrix 4x4 ( -1.0000, 0.0000,  0.0000, 0.0000)
            (  0.0000, 1.0000, -0.0000, 0.0000)
            (  0.0000, 0.0000,  1.0000, 0.0000)
            (-12.0000, 0.0000,  1.0000, 1.0000)>
MESH
Floor_Modular_Cube.057
<Matrix 4x4 ( -1.0000, 0.0000,  0.0000, 0.0000)
            (  0.0000, 1.0000, -0.0000, 0.0000)
            (  0.0000, 0.0000,  1.0000, 0.0000)
            (-12.0000, 0.0000,  3.0000, 1.0000)>
MESH
Floor_Modular_Cube.058
<Matrix 4x4 ( -1.0000, 0.0000,  0.0000, 0.0000)
            (  0.0000, 1.0000, -0.0000, 0.0000)
            (  0.0000, 0.0000,  1.0000, 0.0000)
            (-10.0000, 0.0000, -1.0000, 1.0000)>
MESH
Floor_Modular_Cube.059
<Matrix 4x4 ( -1.0000, 0.0000,  0.0000, 0.0000)
            (  0.0000, 1.0000, -0.0000, 0.0000)
            (  0.0000, 0.0000,  1.0000, 0.0000)
            (-10.0000, 0.0000,  1.0000, 1.0000)>
MESH
Floor_Modular_Cube.060
<Matrix 4x4 ( -1.0000, 0.0000,  0.0000, 0.0000)
            (  0.0000, 1.0000, -0.0000, 0.0000)
            (  0.0000, 0.0000,  1.0000, 0.0000)
            (-10.0000, 0.0000,  3.0000, 1.0000)>
MESH
Floor_Modular_Cube.061
<Matrix 4x4 ( -1.0000, 0.0000,  0.0000, 0.0000)
            (  0.0000, 1.0000, -0.0000, 0.0000)
            (  0.0000, 0.0000,  1.0000, 0.0000)
            (-12.0000, 0.0000, -7.0000, 1.0000)>
MESH
Floor_Modular_Cube.062
<Matrix 4x4 ( -1.0000, 0.0000,  0.0000, 0.0000)
            (  0.0000, 1.0000, -0.0000, 0.0000)
            (  0.0000, 0.0000,  1.0000, 0.0000)
            (-12.0000, 0.0000, -5.0000, 1.0000)>
MESH
Floor_Modular_Cube.063
<Matrix 4x4 ( -1.0000, 0.0000,  0.0000, 0.0000)
            (  0.0000, 1.0000, -0.0000, 0.0000)
            (  0.0000, 0.0000,  1.0000, 0.0000)
            (-12.0000, 0.0000, -3.0000, 1.0000)>
MESH
Floor_Modular_Cube.064
<Matrix 4x4 ( -1.0000, 0.0000,  0.0000, 0.0000)
            (  0.0000, 1.0000, -0.0000, 0.0000)
            (  0.0000, 0.0000,  1.0000, 0.0000)
            (-10.0000, 0.0000, -7.0000, 1.0000)>
MESH
Floor_Modular_Cube.065
<Matrix 4x4 ( -1.0000, 0.0000,  0.0000, 0.0000)
            (  0.0000, 1.0000, -0.0000, 0.0000)
            (  0.0000, 0.0000,  1.0000, 0.0000)
            (-10.0000, 0.0000, -5.0000, 1.0000)>
MESH
Floor_Modular_Cube.066
<Matrix 4x4 ( -1.0000, 0.0000,  0.0000, 0.0000)
            (  0.0000, 1.0000, -0.0000, 0.0000)
            (  0.0000, 0.0000,  1.0000, 0.0000)
            (-10.0000, 0.0000, -3.0000, 1.0000)>
MESH
Floor_Modular_Cube.067
<Matrix 4x4 (-1.0000, 0.0000,  0.0000, 0.0000)
            ( 0.0000, 1.0000, -0.0000, 0.0000)
            ( 0.0000, 0.0000,  1.0000, 0.0000)
            (-8.0000, 0.0000, -7.0000, 1.0000)>
MESH
Floor_Modular_Cube.068
<Matrix 4x4 (-1.0000, 0.0000,  0.0000, 0.0000)
            ( 0.0000, 1.0000, -0.0000, 0.0000)
            ( 0.0000, 0.0000,  1.0000, 0.0000)
            (-8.0000, 0.0000, -5.0000, 1.0000)>
MESH
Floor_Modular_Cube.069
<Matrix 4x4 (-1.0000, 0.0000,  0.0000, 0.0000)
            ( 0.0000, 1.0000, -0.0000, 0.0000)
            ( 0.0000, 0.0000,  1.0000, 0.0000)
            (-8.0000, 0.0000, -3.0000, 1.0000)>
MESH
Floor_Modular_Cube.070
<Matrix 4x4 (-1.0000, 0.0000,  0.0000, 0.0000)
            ( 0.0000, 1.0000, -0.0000, 0.0000)
            ( 0.0000, 0.0000,  1.0000, 0.0000)
            (-6.0000, 0.0000, -7.0000, 1.0000)>
MESH
Floor_Modular_Cube.071
<Matrix 4x4 (-1.0000, 0.0000,  0.0000, 0.0000)
            ( 0.0000, 1.0000, -0.0000, 0.0000)
            ( 0.0000, 0.0000,  1.0000, 0.0000)
            (-6.0000, 0.0000, -5.0000, 1.0000)>
MESH
Floor_Modular_Cube.072
<Matrix 4x4 (-1.0000, 0.0000,  0.0000, 0.0000)
            ( 0.0000, 1.0000, -0.0000, 0.0000)
            ( 0.0000, 0.0000,  1.0000, 0.0000)
            (-6.0000, 0.0000, -3.0000, 1.0000)>
MESH
Floor_Modular_Cube.073
<Matrix 4x4 (-1.0000, 0.0000,   0.0000, 0.0000)
            ( 0.0000, 1.0000,  -0.0000, 0.0000)
            ( 0.0000, 0.0000,   1.0000, 0.0000)
            (-8.0000, 0.0000, -13.0000, 1.0000)>
MESH
Floor_Modular_Cube.074
<Matrix 4x4 (-1.0000, 0.0000,   0.0000, 0.0000)
            ( 0.0000, 1.0000,  -0.0000, 0.0000)
            ( 0.0000, 0.0000,   1.0000, 0.0000)
            (-8.0000, 0.0000, -11.0000, 1.0000)>
MESH
Floor_Modular_Cube.075
<Matrix 4x4 (-1.0000, 0.0000,  0.0000, 0.0000)
            ( 0.0000, 1.0000, -0.0000, 0.0000)
            ( 0.0000, 0.0000,  1.0000, 0.0000)
            (-8.0000, 0.0000, -9.0000, 1.0000)>
MESH
Floor_Modular_Cube.076
<Matrix 4x4 (-1.0000, 0.0000,   0.0000, 0.0000)
            ( 0.0000, 1.0000,  -0.0000, 0.0000)
            ( 0.0000, 0.0000,   1.0000, 0.0000)
            (-6.0000, 0.0000, -13.0000, 1.0000)>
MESH
Floor_Modular_Cube.077
<Matrix 4x4 (-1.0000, 0.0000,   0.0000, 0.0000)
            ( 0.0000, 1.0000,  -0.0000, 0.0000)
            ( 0.0000, 0.0000,   1.0000, 0.0000)
            (-6.0000, 0.0000, -11.0000, 1.0000)>
MESH
Floor_Modular_Cube.078
<Matrix 4x4 (-1.0000, 0.0000,  0.0000, 0.0000)
            ( 0.0000, 1.0000, -0.0000, 0.0000)
            ( 0.0000, 0.0000,  1.0000, 0.0000)
            (-6.0000, 0.0000, -9.0000, 1.0000)>
MESH
Floor_Modular_Cube.079
<Matrix 4x4 ( -1.0000, 0.0000,   0.0000, 0.0000)
            (  0.0000, 1.0000,  -0.0000, 0.0000)
            (  0.0000, 0.0000,   1.0000, 0.0000)
            (-12.0000, 0.0000, -13.0000, 1.0000)>
MESH
Floor_Modular_Cube.080
<Matrix 4x4 ( -1.0000, 0.0000,   0.0000, 0.0000)
            (  0.0000, 1.0000,  -0.0000, 0.0000)
            (  0.0000, 0.0000,   1.0000, 0.0000)
            (-12.0000, 0.0000, -11.0000, 1.0000)>
MESH
Floor_Modular_Cube.081
<Matrix 4x4 ( -1.0000, 0.0000,  0.0000, 0.0000)
            (  0.0000, 1.0000, -0.0000, 0.0000)
            (  0.0000, 0.0000,  1.0000, 0.0000)
            (-12.0000, 0.0000, -9.0000, 1.0000)>
MESH
Floor_Modular_Cube.082
<Matrix 4x4 ( -1.0000, 0.0000,   0.0000, 0.0000)
            (  0.0000, 1.0000,  -0.0000, 0.0000)
            (  0.0000, 0.0000,   1.0000, 0.0000)
            (-10.0000, 0.0000, -13.0000, 1.0000)>
MESH
Floor_Modular_Cube.083
<Matrix 4x4 ( -1.0000, 0.0000,   0.0000, 0.0000)
            (  0.0000, 1.0000,  -0.0000, 0.0000)
            (  0.0000, 0.0000,   1.0000, 0.0000)
            (-10.0000, 0.0000, -11.0000, 1.0000)>
MESH
Floor_Modular_Cube.084
<Matrix 4x4 ( -1.0000, 0.0000,  0.0000, 0.0000)
            (  0.0000, 1.0000, -0.0000, 0.0000)
            (  0.0000, 0.0000,  1.0000, 0.0000)
            (-10.0000, 0.0000, -9.0000, 1.0000)>
MESH
Floor_Modular_Cube.086
<Matrix 4x4 ( -1.0000, 0.0000,   0.0000, 0.0000)
            (  0.0000, 1.0000,  -0.0000, 0.0000)
            (  0.0000, 0.0000,   1.0000, 0.0000)
            (-12.0000, 0.0000, -17.0000, 1.0000)>
MESH
Floor_Modular_Cube.087
<Matrix 4x4 ( -1.0000, 0.0000,   0.0000, 0.0000)
            (  0.0000, 1.0000,  -0.0000, 0.0000)
            (  0.0000, 0.0000,   1.0000, 0.0000)
            (-12.0000, 0.0000, -15.0000, 1.0000)>
MESH
Floor_Modular_Cube.088
<Matrix 4x4 ( -1.0000, 0.0000,   0.0000, 0.0000)
            (  0.0000, 1.0000,  -0.0000, 0.0000)
            (  0.0000, 0.0000,   1.0000, 0.0000)
            (-10.0000, 0.0000, -19.0000, 1.0000)>
MESH
Floor_Modular_Cube.089
<Matrix 4x4 ( -1.0000, 0.0000,   0.0000, 0.0000)
            (  0.0000, 1.0000,  -0.0000, 0.0000)
            (  0.0000, 0.0000,   1.0000, 0.0000)
            (-10.0000, 0.0000, -17.0000, 1.0000)>
MESH
Floor_Modular_Cube.090
<Matrix 4x4 ( -1.0000, 0.0000,   0.0000, 0.0000)
            (  0.0000, 1.0000,  -0.0000, 0.0000)
            (  0.0000, 0.0000,   1.0000, 0.0000)
            (-10.0000, 0.0000, -15.0000, 1.0000)>
MESH
Floor_Modular_Cube.091
<Matrix 4x4 (-1.0000, 0.0000,   0.0000, 0.0000)
            ( 0.0000, 1.0000,  -0.0000, 0.0000)
            ( 0.0000, 0.0000,   1.0000, 0.0000)
            (-8.0000, 0.0000, -19.0000, 1.0000)>
MESH
Floor_Modular_Cube.092
<Matrix 4x4 (-1.0000, 0.0000,   0.0000, 0.0000)
            ( 0.0000, 1.0000,  -0.0000, 0.0000)
            ( 0.0000, 0.0000,   1.0000, 0.0000)
            (-8.0000, 0.0000, -17.0000, 1.0000)>
MESH
Floor_Modular_Cube.093
<Matrix 4x4 (-1.0000, 0.0000,   0.0000, 0.0000)
            ( 0.0000, 1.0000,  -0.0000, 0.0000)
            ( 0.0000, 0.0000,   1.0000, 0.0000)
            (-8.0000, 0.0000, -15.0000, 1.0000)>
MESH
Floor_Modular_Cube.094
<Matrix 4x4 (-1.0000, 0.0000,   0.0000, 0.0000)
            ( 0.0000, 1.0000,  -0.0000, 0.0000)
            ( 0.0000, 0.0000,   1.0000, 0.0000)
            (-6.0000, 0.0000, -19.0000, 1.0000)>
MESH
Floor_Modular_Cube.095
<Matrix 4x4 (-1.0000, 0.0000,   0.0000, 0.0000)
            ( 0.0000, 1.0000,  -0.0000, 0.0000)
            ( 0.0000, 0.0000,   1.0000, 0.0000)
            (-6.0000, 0.0000, -17.0000, 1.0000)>
MESH
Floor_Modular_Cube.096
<Matrix 4x4 (-1.0000, 0.0000,   0.0000, 0.0000)
            ( 0.0000, 1.0000,  -0.0000, 0.0000)
            ( 0.0000, 0.0000,   1.0000, 0.0000)
            (-6.0000, 0.0000, -15.0000, 1.0000)>
MESH
Floor_Modular_Cube.097
<Matrix 4x4 (-1.0000, 0.0000,  0.0000, 0.0000)
            ( 0.0000, 1.0000, -0.0000, 0.0000)
            ( 0.0000, 0.0000,  1.0000, 0.0000)
            ( 0.0000, 0.0000, 23.0000, 1.0000)>
MESH
Floor_Modular_Cube.098
<Matrix 4x4 (-1.0000, 0.0000,  0.0000, 0.0000)
            ( 0.0000, 1.0000, -0.0000, 0.0000)
            ( 0.0000, 0.0000,  1.0000, 0.0000)
            ( 0.0000, 0.0000, 25.0000, 1.0000)>
MESH
Floor_Modular_Cube.099
<Matrix 4x4 (-1.0000, 0.0000,  0.0000, 0.0000)
            ( 0.0000, 1.0000, -0.0000, 0.0000)
            ( 0.0000, 0.0000,  1.0000, 0.0000)
            ( 0.0000, 0.0000, 27.0000, 1.0000)>
MESH
Floor_Modular_Cube.100
<Matrix 4x4 (-1.0000, 0.0000,  0.0000, 0.0000)
            ( 0.0000, 1.0000, -0.0000, 0.0000)
            ( 0.0000, 0.0000,  1.0000, 0.0000)
            ( 2.0000, 0.0000, 23.0000, 1.0000)>
MESH
Floor_Modular_Cube.101
<Matrix 4x4 (-1.0000, 0.0000,  0.0000, 0.0000)
            ( 0.0000, 1.0000, -0.0000, 0.0000)
            ( 0.0000, 0.0000,  1.0000, 0.0000)
            ( 2.0000, 0.0000, 25.0000, 1.0000)>
MESH
Floor_Modular_Cube.102
<Matrix 4x4 (-1.0000, 0.0000,  0.0000, 0.0000)
            ( 0.0000, 1.0000, -0.0000, 0.0000)
            ( 0.0000, 0.0000,  1.0000, 0.0000)
            ( 2.0000, 0.0000, 27.0000, 1.0000)>
MESH
Floor_Modular_Cube.103
<Matrix 4x4 (-1.0000, 0.0000,  0.0000, 0.0000)
            ( 0.0000, 1.0000, -0.0000, 0.0000)
            ( 0.0000, 0.0000,  1.0000, 0.0000)
            (-4.0000, 0.0000, 23.0000, 1.0000)>
MESH
Floor_Modular_Cube.104
<Matrix 4x4 (-1.0000, 0.0000,  0.0000, 0.0000)
            ( 0.0000, 1.0000, -0.0000, 0.0000)
            ( 0.0000, 0.0000,  1.0000, 0.0000)
            (-4.0000, 0.0000, 25.0000, 1.0000)>
MESH
Floor_Modular_Cube.105
<Matrix 4x4 (-1.0000, 0.0000,  0.0000, 0.0000)
            ( 0.0000, 1.0000, -0.0000, 0.0000)
            ( 0.0000, 0.0000,  1.0000, 0.0000)
            (-4.0000, 0.0000, 27.0000, 1.0000)>
MESH
Floor_Modular_Cube.106
<Matrix 4x4 (-1.0000, 0.0000,  0.0000, 0.0000)
            ( 0.0000, 1.0000, -0.0000, 0.0000)
            ( 0.0000, 0.0000,  1.0000, 0.0000)
            (-2.0000, 0.0000, 23.0000, 1.0000)>
MESH
Floor_Modular_Cube.107
<Matrix 4x4 (-1.0000, 0.0000,  0.0000, 0.0000)
            ( 0.0000, 1.0000, -0.0000, 0.0000)
            ( 0.0000, 0.0000,  1.0000, 0.0000)
            (-2.0000, 0.0000, 25.0000, 1.0000)>
MESH
Floor_Modular_Cube.108
<Matrix 4x4 (-1.0000, 0.0000,  0.0000, 0.0000)
            ( 0.0000, 1.0000, -0.0000, 0.0000)
            ( 0.0000, 0.0000,  1.0000, 0.0000)
            (-2.0000, 0.0000, 27.0000, 1.0000)>
MESH
Floor_Modular_Cube.109
<Matrix 4x4 (-1.0000, 0.0000,  0.0000, 0.0000)
            ( 0.0000, 1.0000, -0.0000, 0.0000)
            ( 0.0000, 0.0000,  1.0000, 0.0000)
            (-4.0000, 0.0000, 17.0000, 1.0000)>
MESH
Floor_Modular_Cube.110
<Matrix 4x4 (-1.0000, 0.0000,  0.0000, 0.0000)
            ( 0.0000, 1.0000, -0.0000, 0.0000)
            ( 0.0000, 0.0000,  1.0000, 0.0000)
            (-4.0000, 0.0000, 19.0000, 1.0000)>
MESH
Floor_Modular_Cube.112
<Matrix 4x4 (-1.0000, 0.0000,  0.0000, 0.0000)
            ( 0.0000, 1.0000, -0.0000, 0.0000)
            ( 0.0000, 0.0000,  1.0000, 0.0000)
            (-2.0000, 0.0000, 17.0000, 1.0000)>
MESH
Floor_Modular_Cube.113
<Matrix 4x4 (-1.0000, 0.0000,  0.0000, 0.0000)
            ( 0.0000, 1.0000, -0.0000, 0.0000)
            ( 0.0000, 0.0000,  1.0000, 0.0000)
            (-2.0000, 0.0000, 19.0000, 1.0000)>
MESH
Floor_Modular_Cube.115
<Matrix 4x4 (-1.0000, 0.0000,  0.0000, 0.0000)
            ( 0.0000, 1.0000, -0.0000, 0.0000)
            ( 0.0000, 0.0000,  1.0000, 0.0000)
            ( 0.0000, 0.0000, 17.0000, 1.0000)>
MESH
Floor_Modular_Cube.116
<Matrix 4x4 (-1.0000, 0.0000,  0.0000, 0.0000)
            ( 0.0000, 1.0000, -0.0000, 0.0000)
            ( 0.0000, 0.0000,  1.0000, 0.0000)
            ( 0.0000, 0.0000, 19.0000, 1.0000)>
MESH
Floor_Modular_Cube.118
<Matrix 4x4 (-1.0000, 0.0000,  0.0000, 0.0000)
            ( 0.0000, 1.0000, -0.0000, 0.0000)
            ( 0.0000, 0.0000,  1.0000, 0.0000)
            ( 2.0000, 0.0000, 17.0000, 1.0000)>
MESH
Floor_Modular_Cube.119
<Matrix 4x4 (-1.0000, 0.0000,  0.0000, 0.0000)
            ( 0.0000, 1.0000, -0.0000, 0.0000)
            ( 0.0000, 0.0000,  1.0000, 0.0000)
            ( 2.0000, 0.0000, 19.0000, 1.0000)>
MESH
Floor_Modular_Cube.121
<Matrix 4x4 (-1.0000, 0.0000,  0.0000, 0.0000)
            ( 0.0000, 1.0000, -0.0000, 0.0000)
            ( 0.0000, 0.0000,  1.0000, 0.0000)
            ( 0.0000, 0.0000, 11.0000, 1.0000)>
MESH
Floor_Modular_Cube.123
<Matrix 4x4 (-1.0000, 0.0000,  0.0000, 0.0000)
            ( 0.0000, 1.0000, -0.0000, 0.0000)
            ( 0.0000, 0.0000,  1.0000, 0.0000)
            ( 0.0000, 0.0000, 15.0000, 1.0000)>
MESH
Floor_Modular_Cube.124
<Matrix 4x4 (-1.0000, 0.0000,  0.0000, 0.0000)
            ( 0.0000, 1.0000, -0.0000, 0.0000)
            ( 0.0000, 0.0000,  1.0000, 0.0000)
            ( 2.0000, 0.0000, 11.0000, 1.0000)>
MESH
Floor_Modular_Cube.126
<Matrix 4x4 (-1.0000, 0.0000,  0.0000, 0.0000)
            ( 0.0000, 1.0000, -0.0000, 0.0000)
            ( 0.0000, 0.0000,  1.0000, 0.0000)
            ( 2.0000, 0.0000, 15.0000, 1.0000)>
MESH
Floor_Modular_Cube.127
<Matrix 4x4 (-1.0000, 0.0000,  0.0000, 0.0000)
            ( 0.0000, 1.0000, -0.0000, 0.0000)
            ( 0.0000, 0.0000,  1.0000, 0.0000)
            (-4.0000, 0.0000, 11.0000, 1.0000)>
MESH
Floor_Modular_Cube.128
<Matrix 4x4 (-1.0000, 0.0000,  0.0000, 0.0000)
            ( 0.0000, 1.0000, -0.0000, 0.0000)
            ( 0.0000, 0.0000,  1.0000, 0.0000)
            (-4.0000, 0.0000, 13.0000, 1.0000)>
MESH
Floor_Modular_Cube.129
<Matrix 4x4 (-1.0000, 0.0000,  0.0000, 0.0000)
            ( 0.0000, 1.0000, -0.0000, 0.0000)
            ( 0.0000, 0.0000,  1.0000, 0.0000)
            (-4.0000, 0.0000, 15.0000, 1.0000)>
MESH
Floor_Modular_Cube.130
<Matrix 4x4 (-1.0000, 0.0000,  0.0000, 0.0000)
            ( 0.0000, 1.0000, -0.0000, 0.0000)
            ( 0.0000, 0.0000,  1.0000, 0.0000)
            (-2.0000, 0.0000, 11.0000, 1.0000)>
MESH
Floor_Modular_Cube.131
<Matrix 4x4 (-1.0000, 0.0000,  0.0000, 0.0000)
            ( 0.0000, 1.0000, -0.0000, 0.0000)
            ( 0.0000, 0.0000,  1.0000, 0.0000)
            (-2.0000, 0.0000, 13.0000, 1.0000)>
MESH
Floor_Modular_Cube.132
<Matrix 4x4 (-1.0000, 0.0000,  0.0000, 0.0000)
            ( 0.0000, 1.0000, -0.0000, 0.0000)
            ( 0.0000, 0.0000,  1.0000, 0.0000)
            (-2.0000, 0.0000, 15.0000, 1.0000)>
MESH
Floor_Modular_Cube.133
<Matrix 4x4 (-1.0000, 0.0000,  0.0000, 0.0000)
            ( 0.0000, 1.0000, -0.0000, 0.0000)
            ( 0.0000, 0.0000,  1.0000, 0.0000)
            (-4.0000, 0.0000,  5.0000, 1.0000)>
MESH
Floor_Modular_Cube.134
<Matrix 4x4 (-1.0000, 0.0000,  0.0000, 0.0000)
            ( 0.0000, 1.0000, -0.0000, 0.0000)
            ( 0.0000, 0.0000,  1.0000, 0.0000)
            (-4.0000, 0.0000,  7.0000, 1.0000)>
MESH
Floor_Modular_Cube.135
<Matrix 4x4 (-1.0000, 0.0000,  0.0000, 0.0000)
            ( 0.0000, 1.0000, -0.0000, 0.0000)
            ( 0.0000, 0.0000,  1.0000, 0.0000)
            (-4.0000, 0.0000,  9.0000, 1.0000)>
MESH
Floor_Modular_Cube.137
<Matrix 4x4 (-1.0000, 0.0000,  0.0000, 0.0000)
            ( 0.0000, 1.0000, -0.0000, 0.0000)
            ( 0.0000, 0.0000,  1.0000, 0.0000)
            (-2.0000, 0.0000,  7.0000, 1.0000)>
MESH
Floor_Modular_Cube.138
<Matrix 4x4 (-1.0000, 0.0000,  0.0000, 0.0000)
            ( 0.0000, 1.0000, -0.0000, 0.0000)
            ( 0.0000, 0.0000,  1.0000, 0.0000)
            (-2.0000, 0.0000,  9.0000, 1.0000)>
MESH
Floor_Modular_Cube.140
<Matrix 4x4 (-1.0000, 0.0000,  0.0000, 0.0000)
            ( 0.0000, 1.0000, -0.0000, 0.0000)
            ( 0.0000, 0.0000,  1.0000, 0.0000)
            ( 0.0000, 0.0000,  7.0000, 1.0000)>
MESH
Floor_Modular_Cube.141
<Matrix 4x4 (-1.0000, 0.0000,  0.0000, 0.0000)
            ( 0.0000, 1.0000, -0.0000, 0.0000)
            ( 0.0000, 0.0000,  1.0000, 0.0000)
            ( 0.0000, 0.0000,  9.0000, 1.0000)>
MESH
Floor_Modular_Cube.143
<Matrix 4x4 (-1.0000, 0.0000,  0.0000, 0.0000)
            ( 0.0000, 1.0000, -0.0000, 0.0000)
            ( 0.0000, 0.0000,  1.0000, 0.0000)
            ( 2.0000, 0.0000,  7.0000, 1.0000)>
MESH
Floor_Modular_Cube.144
<Matrix 4x4 (-1.0000, 0.0000,  0.0000, 0.0000)
            ( 0.0000, 1.0000, -0.0000, 0.0000)
            ( 0.0000, 0.0000,  1.0000, 0.0000)
            ( 2.0000, 0.0000,  9.0000, 1.0000)>
MESH
Floor_Modular_Cube.145
<Matrix 4x4 (-1.0000, 0.0000,  0.0000, 0.0000)
            ( 0.0000, 1.0000, -0.0000, 0.0000)
            ( 0.0000, 0.0000,  1.0000, 0.0000)
            (-8.0000, 0.0000, 23.0000, 1.0000)>
MESH
Floor_Modular_Cube.146
<Matrix 4x4 (-1.0000, 0.0000,  0.0000, 0.0000)
            ( 0.0000, 1.0000, -0.0000, 0.0000)
            ( 0.0000, 0.0000,  1.0000, 0.0000)
            (-8.0000, 0.0000, 25.0000, 1.0000)>
MESH
Floor_Modular_Cube.147
<Matrix 4x4 (-1.0000, 0.0000,  0.0000, 0.0000)
            ( 0.0000, 1.0000, -0.0000, 0.0000)
            ( 0.0000, 0.0000,  1.0000, 0.0000)
            (-8.0000, 0.0000, 27.0000, 1.0000)>
MESH
Floor_Modular_Cube.148
<Matrix 4x4 (-1.0000, 0.0000,  0.0000, 0.0000)
            ( 0.0000, 1.0000, -0.0000, 0.0000)
            ( 0.0000, 0.0000,  1.0000, 0.0000)
            (-6.0000, 0.0000, 23.0000, 1.0000)>
MESH
Floor_Modular_Cube.149
<Matrix 4x4 (-1.0000, 0.0000,  0.0000, 0.0000)
            ( 0.0000, 1.0000, -0.0000, 0.0000)
            ( 0.0000, 0.0000,  1.0000, 0.0000)
            (-6.0000, 0.0000, 25.0000, 1.0000)>
MESH
Floor_Modular_Cube.150
<Matrix 4x4 (-1.0000, 0.0000,  0.0000, 0.0000)
            ( 0.0000, 1.0000, -0.0000, 0.0000)
            ( 0.0000, 0.0000,  1.0000, 0.0000)
            (-6.0000, 0.0000, 27.0000, 1.0000)>
MESH
Floor_Modular_Cube.151
<Matrix 4x4 ( -1.0000, 0.0000,  0.0000, 0.0000)
            (  0.0000, 1.0000, -0.0000, 0.0000)
            (  0.0000, 0.0000,  1.0000, 0.0000)
            (-12.0000, 0.0000, 23.0000, 1.0000)>
MESH
Floor_Modular_Cube.152
<Matrix 4x4 ( -1.0000, 0.0000,  0.0000, 0.0000)
            (  0.0000, 1.0000, -0.0000, 0.0000)
            (  0.0000, 0.0000,  1.0000, 0.0000)
            (-12.0000, 0.0000, 25.0000, 1.0000)>
MESH
Floor_Modular_Cube.154
<Matrix 4x4 ( -1.0000, 0.0000,  0.0000, 0.0000)
            (  0.0000, 1.0000, -0.0000, 0.0000)
            (  0.0000, 0.0000,  1.0000, 0.0000)
            (-10.0000, 0.0000, 23.0000, 1.0000)>
MESH
Floor_Modular_Cube.155
<Matrix 4x4 ( -1.0000, 0.0000,  0.0000, 0.0000)
            (  0.0000, 1.0000, -0.0000, 0.0000)
            (  0.0000, 0.0000,  1.0000, 0.0000)
            (-10.0000, 0.0000, 25.0000, 1.0000)>
MESH
Floor_Modular_Cube.156
<Matrix 4x4 ( -1.0000, 0.0000,  0.0000, 0.0000)
            (  0.0000, 1.0000, -0.0000, 0.0000)
            (  0.0000, 0.0000,  1.0000, 0.0000)
            (-10.0000, 0.0000, 27.0000, 1.0000)>
MESH
Floor_Modular_Cube.157
<Matrix 4x4 ( -1.0000, 0.0000,  0.0000, 0.0000)
            (  0.0000, 1.0000, -0.0000, 0.0000)
            (  0.0000, 0.0000,  1.0000, 0.0000)
            (-12.0000, 0.0000, 17.0000, 1.0000)>
MESH
Floor_Modular_Cube.158
<Matrix 4x4 ( -1.0000, 0.0000,  0.0000, 0.0000)
            (  0.0000, 1.0000, -0.0000, 0.0000)
            (  0.0000, 0.0000,  1.0000, 0.0000)
            (-12.0000, 0.0000, 19.0000, 1.0000)>
MESH
Floor_Modular_Cube.159
<Matrix 4x4 ( -1.0000, 0.0000,  0.0000, 0.0000)
            (  0.0000, 1.0000, -0.0000, 0.0000)
            (  0.0000, 0.0000,  1.0000, 0.0000)
            (-12.0000, 0.0000, 21.0000, 1.0000)>
MESH
Floor_Modular_Cube.160
<Matrix 4x4 ( -1.0000, 0.0000,  0.0000, 0.0000)
            (  0.0000, 1.0000, -0.0000, 0.0000)
            (  0.0000, 0.0000,  1.0000, 0.0000)
            (-10.0000, 0.0000, 17.0000, 1.0000)>
MESH
Floor_Modular_Cube.161
<Matrix 4x4 ( -1.0000, 0.0000,  0.0000, 0.0000)
            (  0.0000, 1.0000, -0.0000, 0.0000)
            (  0.0000, 0.0000,  1.0000, 0.0000)
            (-10.0000, 0.0000, 19.0000, 1.0000)>
MESH
Floor_Modular_Cube.162
<Matrix 4x4 ( -1.0000, 0.0000,  0.0000, 0.0000)
            (  0.0000, 1.0000, -0.0000, 0.0000)
            (  0.0000, 0.0000,  1.0000, 0.0000)
            (-10.0000, 0.0000, 21.0000, 1.0000)>
MESH
Floor_Modular_Cube.163
<Matrix 4x4 (-1.0000, 0.0000,  0.0000, 0.0000)
            ( 0.0000, 1.0000, -0.0000, 0.0000)
            ( 0.0000, 0.0000,  1.0000, 0.0000)
            (-8.0000, 0.0000, 17.0000, 1.0000)>
MESH
Floor_Modular_Cube.164
<Matrix 4x4 (-1.0000, 0.0000,  0.0000, 0.0000)
            ( 0.0000, 1.0000, -0.0000, 0.0000)
            ( 0.0000, 0.0000,  1.0000, 0.0000)
            (-8.0000, 0.0000, 19.0000, 1.0000)>
MESH
Floor_Modular_Cube.165
<Matrix 4x4 (-1.0000, 0.0000,  0.0000, 0.0000)
            ( 0.0000, 1.0000, -0.0000, 0.0000)
            ( 0.0000, 0.0000,  1.0000, 0.0000)
            (-8.0000, 0.0000, 21.0000, 1.0000)>
MESH
Floor_Modular_Cube.166
<Matrix 4x4 (-1.0000, 0.0000,  0.0000, 0.0000)
            ( 0.0000, 1.0000, -0.0000, 0.0000)
            ( 0.0000, 0.0000,  1.0000, 0.0000)
            (-6.0000, 0.0000, 17.0000, 1.0000)>
MESH
Floor_Modular_Cube.167
<Matrix 4x4 (-1.0000, 0.0000,  0.0000, 0.0000)
            ( 0.0000, 1.0000, -0.0000, 0.0000)
            ( 0.0000, 0.0000,  1.0000, 0.0000)
            (-6.0000, 0.0000, 19.0000, 1.0000)>
MESH
Floor_Modular_Cube.168
<Matrix 4x4 (-1.0000, 0.0000,  0.0000, 0.0000)
            ( 0.0000, 1.0000, -0.0000, 0.0000)
            ( 0.0000, 0.0000,  1.0000, 0.0000)
            (-6.0000, 0.0000, 21.0000, 1.0000)>
MESH
Floor_Modular_Cube.169
<Matrix 4x4 (-1.0000, 0.0000,  0.0000, 0.0000)
            ( 0.0000, 1.0000, -0.0000, 0.0000)
            ( 0.0000, 0.0000,  1.0000, 0.0000)
            (-8.0000, 0.0000, 11.0000, 1.0000)>
MESH
Floor_Modular_Cube.170
<Matrix 4x4 (-1.0000, 0.0000,  0.0000, 0.0000)
            ( 0.0000, 1.0000, -0.0000, 0.0000)
            ( 0.0000, 0.0000,  1.0000, 0.0000)
            (-8.0000, 0.0000, 13.0000, 1.0000)>
MESH
Floor_Modular_Cube.171
<Matrix 4x4 (-1.0000, 0.0000,  0.0000, 0.0000)
            ( 0.0000, 1.0000, -0.0000, 0.0000)
            ( 0.0000, 0.0000,  1.0000, 0.0000)
            (-8.0000, 0.0000, 15.0000, 1.0000)>
MESH
Floor_Modular_Cube.172
<Matrix 4x4 (-1.0000, 0.0000,  0.0000, 0.0000)
            ( 0.0000, 1.0000, -0.0000, 0.0000)
            ( 0.0000, 0.0000,  1.0000, 0.0000)
            (-6.0000, 0.0000, 11.0000, 1.0000)>
MESH
Floor_Modular_Cube.173
<Matrix 4x4 (-1.0000, 0.0000,  0.0000, 0.0000)
            ( 0.0000, 1.0000, -0.0000, 0.0000)
            ( 0.0000, 0.0000,  1.0000, 0.0000)
            (-6.0000, 0.0000, 13.0000, 1.0000)>
MESH
Floor_Modular_Cube.174
<Matrix 4x4 (-1.0000, 0.0000,  0.0000, 0.0000)
            ( 0.0000, 1.0000, -0.0000, 0.0000)
            ( 0.0000, 0.0000,  1.0000, 0.0000)
            (-6.0000, 0.0000, 15.0000, 1.0000)>
MESH
Floor_Modular_Cube.175
<Matrix 4x4 ( -1.0000, 0.0000,  0.0000, 0.0000)
            (  0.0000, 1.0000, -0.0000, 0.0000)
            (  0.0000, 0.0000,  1.0000, 0.0000)
            (-12.0000, 0.0000, 11.0000, 1.0000)>
MESH
Floor_Modular_Cube.176
<Matrix 4x4 ( -1.0000, 0.0000,  0.0000, 0.0000)
            (  0.0000, 1.0000, -0.0000, 0.0000)
            (  0.0000, 0.0000,  1.0000, 0.0000)
            (-12.0000, 0.0000, 13.0000, 1.0000)>
MESH
Floor_Modular_Cube.177
<Matrix 4x4 ( -1.0000, 0.0000,  0.0000, 0.0000)
            (  0.0000, 1.0000, -0.0000, 0.0000)
            (  0.0000, 0.0000,  1.0000, 0.0000)
            (-12.0000, 0.0000, 15.0000, 1.0000)>
MESH
Floor_Modular_Cube.178
<Matrix 4x4 ( -1.0000, 0.0000,  0.0000, 0.0000)
            (  0.0000, 1.0000, -0.0000, 0.0000)
            (  0.0000, 0.0000,  1.0000, 0.0000)
            (-10.0000, 0.0000, 11.0000, 1.0000)>
MESH
Floor_Modular_Cube.179
<Matrix 4x4 ( -1.0000, 0.0000,  0.0000, 0.0000)
            (  0.0000, 1.0000, -0.0000, 0.0000)
            (  0.0000, 0.0000,  1.0000, 0.0000)
            (-10.0000, 0.0000, 13.0000, 1.0000)>
MESH
Floor_Modular_Cube.180
<Matrix 4x4 ( -1.0000, 0.0000,  0.0000, 0.0000)
            (  0.0000, 1.0000, -0.0000, 0.0000)
            (  0.0000, 0.0000,  1.0000, 0.0000)
            (-10.0000, 0.0000, 15.0000, 1.0000)>
MESH
Floor_Modular_Cube.181
<Matrix 4x4 ( -1.0000, 0.0000,  0.0000, 0.0000)
            (  0.0000, 1.0000, -0.0000, 0.0000)
            (  0.0000, 0.0000,  1.0000, 0.0000)
            (-12.0000, 0.0000,  5.0000, 1.0000)>
MESH
Floor_Modular_Cube.182
<Matrix 4x4 ( -1.0000, 0.0000,  0.0000, 0.0000)
            (  0.0000, 1.0000, -0.0000, 0.0000)
            (  0.0000, 0.0000,  1.0000, 0.0000)
            (-12.0000, 0.0000,  7.0000, 1.0000)>
MESH
Floor_Modular_Cube.183
<Matrix 4x4 ( -1.0000, 0.0000,  0.0000, 0.0000)
            (  0.0000, 1.0000, -0.0000, 0.0000)
            (  0.0000, 0.0000,  1.0000, 0.0000)
            (-12.0000, 0.0000,  9.0000, 1.0000)>
MESH
Floor_Modular_Cube.184
<Matrix 4x4 ( -1.0000, 0.0000,  0.0000, 0.0000)
            (  0.0000, 1.0000, -0.0000, 0.0000)
            (  0.0000, 0.0000,  1.0000, 0.0000)
            (-10.0000, 0.0000,  5.0000, 1.0000)>
MESH
Floor_Modular_Cube.185
<Matrix 4x4 ( -1.0000, 0.0000,  0.0000, 0.0000)
            (  0.0000, 1.0000, -0.0000, 0.0000)
            (  0.0000, 0.0000,  1.0000, 0.0000)
            (-10.0000, 0.0000,  7.0000, 1.0000)>
MESH
Floor_Modular_Cube.186
<Matrix 4x4 ( -1.0000, 0.0000,  0.0000, 0.0000)
            (  0.0000, 1.0000, -0.0000, 0.0000)
            (  0.0000, 0.0000,  1.0000, 0.0000)
            (-10.0000, 0.0000,  9.0000, 1.0000)>
MESH
Floor_Modular_Cube.187
<Matrix 4x4 (-1.0000, 0.0000,  0.0000, 0.0000)
            ( 0.0000, 1.0000, -0.0000, 0.0000)
            ( 0.0000, 0.0000,  1.0000, 0.0000)
            (-8.0000, 0.0000,  5.0000, 1.0000)>
MESH
Floor_Modular_Cube.188
<Matrix 4x4 (-1.0000, 0.0000,  0.0000, 0.0000)
            ( 0.0000, 1.0000, -0.0000, 0.0000)
            ( 0.0000, 0.0000,  1.0000, 0.0000)
            (-8.0000, 0.0000,  7.0000, 1.0000)>
MESH
Floor_Modular_Cube.189
<Matrix 4x4 (-1.0000, 0.0000,  0.0000, 0.0000)
            ( 0.0000, 1.0000, -0.0000, 0.0000)
            ( 0.0000, 0.0000,  1.0000, 0.0000)
            (-8.0000, 0.0000,  9.0000, 1.0000)>
MESH
Floor_Modular_Cube.190
<Matrix 4x4 (-1.0000, 0.0000,  0.0000, 0.0000)
            ( 0.0000, 1.0000, -0.0000, 0.0000)
            ( 0.0000, 0.0000,  1.0000, 0.0000)
            (-6.0000, 0.0000,  5.0000, 1.0000)>
MESH
Floor_Modular_Cube.191
<Matrix 4x4 (-1.0000, 0.0000,  0.0000, 0.0000)
            ( 0.0000, 1.0000, -0.0000, 0.0000)
            ( 0.0000, 0.0000,  1.0000, 0.0000)
            (-6.0000, 0.0000,  7.0000, 1.0000)>
MESH
Floor_Modular_Cube.192
<Matrix 4x4 (-1.0000, 0.0000,  0.0000, 0.0000)
            ( 0.0000, 1.0000, -0.0000, 0.0000)
            ( 0.0000, 0.0000,  1.0000, 0.0000)
            (-6.0000, 0.0000,  9.0000, 1.0000)>
MESH
Floor_Modular_Cube.199
<Matrix 4x4 (-1.0000, 0.0000,  0.0000, 0.0000)
            ( 0.0000, 1.0000, -0.0000, 0.0000)
            ( 0.0000, 0.0000,  1.0000, 0.0000)
            (12.0000, 0.0000, -1.0000, 1.0000)>
MESH
Floor_Modular_Cube.205
<Matrix 4x4 (-1.0000, 0.0000,  0.0000, 0.0000)
            ( 0.0000, 1.0000, -0.0000, 0.0000)
            ( 0.0000, 0.0000,  1.0000, 0.0000)
            (12.0000, 0.0000, -7.0000, 1.0000)>
MESH
Floor_Modular_Cube.206
<Matrix 4x4 (-1.0000, 0.0000,  0.0000, 0.0000)
            ( 0.0000, 1.0000, -0.0000, 0.0000)
            ( 0.0000, 0.0000,  1.0000, 0.0000)
            (12.0000, 0.0000, -5.0000, 1.0000)>
MESH
Floor_Modular_Cube.207
<Matrix 4x4 (-1.0000, 0.0000,  0.0000, 0.0000)
            ( 0.0000, 1.0000, -0.0000, 0.0000)
            ( 0.0000, 0.0000,  1.0000, 0.0000)
            (12.0000, 0.0000, -3.0000, 1.0000)>
MESH
Floor_Modular_Cube.208
<Matrix 4x4 (-1.0000, 0.0000,  0.0000, 0.0000)
            ( 0.0000, 1.0000, -0.0000, 0.0000)
            ( 0.0000, 0.0000,  1.0000, 0.0000)
            (14.0000, 0.0000, -7.0000, 1.0000)>
MESH
Floor_Modular_Cube.209
<Matrix 4x4 (-1.0000, 0.0000,  0.0000, 0.0000)
            ( 0.0000, 1.0000, -0.0000, 0.0000)
            ( 0.0000, 0.0000,  1.0000, 0.0000)
            (14.0000, 0.0000, -5.0000, 1.0000)>
MESH
Floor_Modular_Cube.223
<Matrix 4x4 (-1.0000, 0.0000,   0.0000, 0.0000)
            ( 0.0000, 1.0000,  -0.0000, 0.0000)
            ( 0.0000, 0.0000,   1.0000, 0.0000)
            (12.0000, 0.0000, -13.0000, 1.0000)>
MESH
Floor_Modular_Cube.224
<Matrix 4x4 (-1.0000, 0.0000,   0.0000, 0.0000)
            ( 0.0000, 1.0000,  -0.0000, 0.0000)
            ( 0.0000, 0.0000,   1.0000, 0.0000)
            (12.0000, 0.0000, -11.0000, 1.0000)>
MESH
Floor_Modular_Cube.225
<Matrix 4x4 (-1.0000, 0.0000,  0.0000, 0.0000)
            ( 0.0000, 1.0000, -0.0000, 0.0000)
            ( 0.0000, 0.0000,  1.0000, 0.0000)
            (12.0000, 0.0000, -9.0000, 1.0000)>
MESH
Floor_Modular_Cube.227
<Matrix 4x4 (-1.0000, 0.0000,   0.0000, 0.0000)
            ( 0.0000, 1.0000,  -0.0000, 0.0000)
            ( 0.0000, 0.0000,   1.0000, 0.0000)
            (14.0000, 0.0000, -11.0000, 1.0000)>
MESH
Floor_Modular_Cube.228
<Matrix 4x4 (-1.0000, 0.0000,  0.0000, 0.0000)
            ( 0.0000, 1.0000, -0.0000, 0.0000)
            ( 0.0000, 0.0000,  1.0000, 0.0000)
            (14.0000, 0.0000, -9.0000, 1.0000)>
MESH
Floor_Modular_Cube.231
<Matrix 4x4 (-1.0000, 0.0000,   0.0000, 0.0000)
            ( 0.0000, 1.0000,  -0.0000, 0.0000)
            ( 0.0000, 0.0000,   1.0000, 0.0000)
            (12.0000, 0.0000, -15.0000, 1.0000)>
MESH
Floor_Modular_Cube.241
<Matrix 4x4 (-1.0000, 0.0000,  0.0000, 0.0000)
            ( 0.0000, 1.0000, -0.0000, 0.0000)
            ( 0.0000, 0.0000,  1.0000, 0.0000)
            ( 8.0000, 0.0000, -1.0000, 1.0000)>
MESH
Floor_Modular_Cube.242
<Matrix 4x4 (-1.0000, 0.0000,  0.0000, 0.0000)
            ( 0.0000, 1.0000, -0.0000, 0.0000)
            ( 0.0000, 0.0000,  1.0000, 0.0000)
            ( 8.0000, 0.0000,  1.0000, 1.0000)>
MESH
Floor_Modular_Cube.243
<Matrix 4x4 (-1.0000, 0.0000,  0.0000, 0.0000)
            ( 0.0000, 1.0000, -0.0000, 0.0000)
            ( 0.0000, 0.0000,  1.0000, 0.0000)
            ( 8.0000, 0.0000,  3.0000, 1.0000)>
MESH
Floor_Modular_Cube.244
<Matrix 4x4 (-1.0000, 0.0000,  0.0000, 0.0000)
            ( 0.0000, 1.0000, -0.0000, 0.0000)
            ( 0.0000, 0.0000,  1.0000, 0.0000)
            (10.0000, 0.0000, -1.0000, 1.0000)>
MESH
Floor_Modular_Cube.245
<Matrix 4x4 (-1.0000, 0.0000,  0.0000, 0.0000)
            ( 0.0000, 1.0000, -0.0000, 0.0000)
            ( 0.0000, 0.0000,  1.0000, 0.0000)
            (10.0000, 0.0000,  1.0000, 1.0000)>
MESH
Floor_Modular_Cube.247
<Matrix 4x4 (-1.0000, 0.0000,  0.0000, 0.0000)
            ( 0.0000, 1.0000, -0.0000, 0.0000)
            ( 0.0000, 0.0000,  1.0000, 0.0000)
            ( 4.0000, 0.0000, -1.0000, 1.0000)>
MESH
Floor_Modular_Cube.248
<Matrix 4x4 (-1.0000, 0.0000,  0.0000, 0.0000)
            ( 0.0000, 1.0000, -0.0000, 0.0000)
            ( 0.0000, 0.0000,  1.0000, 0.0000)
            ( 4.0000, 0.0000,  1.0000, 1.0000)>
MESH
Floor_Modular_Cube.249
<Matrix 4x4 (-1.0000, 0.0000,  0.0000, 0.0000)
            ( 0.0000, 1.0000, -0.0000, 0.0000)
            ( 0.0000, 0.0000,  1.0000, 0.0000)
            ( 4.0000, 0.0000,  3.0000, 1.0000)>
MESH
Floor_Modular_Cube.250
<Matrix 4x4 (-1.0000, 0.0000,  0.0000, 0.0000)
            ( 0.0000, 1.0000, -0.0000, 0.0000)
            ( 0.0000, 0.0000,  1.0000, 0.0000)
            ( 6.0000, 0.0000, -1.0000, 1.0000)>
MESH
Floor_Modular_Cube.251
<Matrix 4x4 (-1.0000, 0.0000,  0.0000, 0.0000)
            ( 0.0000, 1.0000, -0.0000, 0.0000)
            ( 0.0000, 0.0000,  1.0000, 0.0000)
            ( 6.0000, 0.0000,  1.0000, 1.0000)>
MESH
Floor_Modular_Cube.252
<Matrix 4x4 (-1.0000, 0.0000,  0.0000, 0.0000)
            ( 0.0000, 1.0000, -0.0000, 0.0000)
            ( 0.0000, 0.0000,  1.0000, 0.0000)
            ( 6.0000, 0.0000,  3.0000, 1.0000)>
MESH
Floor_Modular_Cube.254
<Matrix 4x4 (-1.0000, 0.0000,  0.0000, 0.0000)
            ( 0.0000, 1.0000, -0.0000, 0.0000)
            ( 0.0000, 0.0000,  1.0000, 0.0000)
            ( 4.0000, 0.0000, -5.0000, 1.0000)>
MESH
Floor_Modular_Cube.255
<Matrix 4x4 (-1.0000, 0.0000,  0.0000, 0.0000)
            ( 0.0000, 1.0000, -0.0000, 0.0000)
            ( 0.0000, 0.0000,  1.0000, 0.0000)
            ( 4.0000, 0.0000, -3.0000, 1.0000)>
MESH
Floor_Modular_Cube.256
<Matrix 4x4 (-1.0000, 0.0000,  0.0000, 0.0000)
            ( 0.0000, 1.0000, -0.0000, 0.0000)
            ( 0.0000, 0.0000,  1.0000, 0.0000)
            ( 6.0000, 0.0000, -7.0000, 1.0000)>
MESH
Floor_Modular_Cube.257
<Matrix 4x4 (-1.0000, 0.0000,  0.0000, 0.0000)
            ( 0.0000, 1.0000, -0.0000, 0.0000)
            ( 0.0000, 0.0000,  1.0000, 0.0000)
            ( 6.0000, 0.0000, -5.0000, 1.0000)>
MESH
Floor_Modular_Cube.258
<Matrix 4x4 (-1.0000, 0.0000,  0.0000, 0.0000)
            ( 0.0000, 1.0000, -0.0000, 0.0000)
            ( 0.0000, 0.0000,  1.0000, 0.0000)
            ( 6.0000, 0.0000, -3.0000, 1.0000)>
MESH
Floor_Modular_Cube.259
<Matrix 4x4 (-1.0000, 0.0000,  0.0000, 0.0000)
            ( 0.0000, 1.0000, -0.0000, 0.0000)
            ( 0.0000, 0.0000,  1.0000, 0.0000)
            ( 8.0000, 0.0000, -7.0000, 1.0000)>
MESH
Floor_Modular_Cube.260
<Matrix 4x4 (-1.0000, 0.0000,  0.0000, 0.0000)
            ( 0.0000, 1.0000, -0.0000, 0.0000)
            ( 0.0000, 0.0000,  1.0000, 0.0000)
            ( 8.0000, 0.0000, -5.0000, 1.0000)>
MESH
Floor_Modular_Cube.261
<Matrix 4x4 (-1.0000, 0.0000,  0.0000, 0.0000)
            ( 0.0000, 1.0000, -0.0000, 0.0000)
            ( 0.0000, 0.0000,  1.0000, 0.0000)
            ( 8.0000, 0.0000, -3.0000, 1.0000)>
MESH
Floor_Modular_Cube.262
<Matrix 4x4 (-1.0000, 0.0000,  0.0000, 0.0000)
            ( 0.0000, 1.0000, -0.0000, 0.0000)
            ( 0.0000, 0.0000,  1.0000, 0.0000)
            (10.0000, 0.0000, -7.0000, 1.0000)>
MESH
Floor_Modular_Cube.263
<Matrix 4x4 (-1.0000, 0.0000,  0.0000, 0.0000)
            ( 0.0000, 1.0000, -0.0000, 0.0000)
            ( 0.0000, 0.0000,  1.0000, 0.0000)
            (10.0000, 0.0000, -5.0000, 1.0000)>
MESH
Floor_Modular_Cube.264
<Matrix 4x4 (-1.0000, 0.0000,  0.0000, 0.0000)
            ( 0.0000, 1.0000, -0.0000, 0.0000)
            ( 0.0000, 0.0000,  1.0000, 0.0000)
            (10.0000, 0.0000, -3.0000, 1.0000)>
MESH
Floor_Modular_Cube.265
<Matrix 4x4 (-1.0000, 0.0000,   0.0000, 0.0000)
            ( 0.0000, 1.0000,  -0.0000, 0.0000)
            ( 0.0000, 0.0000,   1.0000, 0.0000)
            ( 8.0000, 0.0000, -13.0000, 1.0000)>
MESH
Floor_Modular_Cube.266
<Matrix 4x4 (-1.0000, 0.0000,   0.0000, 0.0000)
            ( 0.0000, 1.0000,  -0.0000, 0.0000)
            ( 0.0000, 0.0000,   1.0000, 0.0000)
            ( 8.0000, 0.0000, -11.0000, 1.0000)>
MESH
Floor_Modular_Cube.267
<Matrix 4x4 (-1.0000, 0.0000,  0.0000, 0.0000)
            ( 0.0000, 1.0000, -0.0000, 0.0000)
            ( 0.0000, 0.0000,  1.0000, 0.0000)
            ( 8.0000, 0.0000, -9.0000, 1.0000)>
MESH
Floor_Modular_Cube.268
<Matrix 4x4 (-1.0000, 0.0000,   0.0000, 0.0000)
            ( 0.0000, 1.0000,  -0.0000, 0.0000)
            ( 0.0000, 0.0000,   1.0000, 0.0000)
            (10.0000, 0.0000, -13.0000, 1.0000)>
MESH
Floor_Modular_Cube.269
<Matrix 4x4 (-1.0000, 0.0000,   0.0000, 0.0000)
            ( 0.0000, 1.0000,  -0.0000, 0.0000)
            ( 0.0000, 0.0000,   1.0000, 0.0000)
            (10.0000, 0.0000, -11.0000, 1.0000)>
MESH
Floor_Modular_Cube.270
<Matrix 4x4 (-1.0000, 0.0000,  0.0000, 0.0000)
            ( 0.0000, 1.0000, -0.0000, 0.0000)
            ( 0.0000, 0.0000,  1.0000, 0.0000)
            (10.0000, 0.0000, -9.0000, 1.0000)>
MESH
Floor_Modular_Cube.271
<Matrix 4x4 (-1.0000, 0.0000,   0.0000, 0.0000)
            ( 0.0000, 1.0000,  -0.0000, 0.0000)
            ( 0.0000, 0.0000,   1.0000, 0.0000)
            ( 4.0000, 0.0000, -13.0000, 1.0000)>
MESH
Floor_Modular_Cube.272
<Matrix 4x4 (-1.0000, 0.0000,   0.0000, 0.0000)
            ( 0.0000, 1.0000,  -0.0000, 0.0000)
            ( 0.0000, 0.0000,   1.0000, 0.0000)
            ( 4.0000, 0.0000, -11.0000, 1.0000)>
MESH
Floor_Modular_Cube.274
<Matrix 4x4 (-1.0000, 0.0000,   0.0000, 0.0000)
            ( 0.0000, 1.0000,  -0.0000, 0.0000)
            ( 0.0000, 0.0000,   1.0000, 0.0000)
            ( 6.0000, 0.0000, -13.0000, 1.0000)>
MESH
Floor_Modular_Cube.275
<Matrix 4x4 (-1.0000, 0.0000,   0.0000, 0.0000)
            ( 0.0000, 1.0000,  -0.0000, 0.0000)
            ( 0.0000, 0.0000,   1.0000, 0.0000)
            ( 6.0000, 0.0000, -11.0000, 1.0000)>
MESH
Floor_Modular_Cube.276
<Matrix 4x4 (-1.0000, 0.0000,  0.0000, 0.0000)
            ( 0.0000, 1.0000, -0.0000, 0.0000)
            ( 0.0000, 0.0000,  1.0000, 0.0000)
            ( 6.0000, 0.0000, -9.0000, 1.0000)>
MESH
Floor_Modular_Cube.277
<Matrix 4x4 (-1.0000, 0.0000,   0.0000, 0.0000)
            ( 0.0000, 1.0000,  -0.0000, 0.0000)
            ( 0.0000, 0.0000,   1.0000, 0.0000)
            ( 4.0000, 0.0000, -19.0000, 1.0000)>
MESH
Floor_Modular_Cube.278
<Matrix 4x4 (-1.0000, 0.0000,   0.0000, 0.0000)
            ( 0.0000, 1.0000,  -0.0000, 0.0000)
            ( 0.0000, 0.0000,   1.0000, 0.0000)
            ( 4.0000, 0.0000, -17.0000, 1.0000)>
MESH
Floor_Modular_Cube.279
<Matrix 4x4 (-1.0000, 0.0000,   0.0000, 0.0000)
            ( 0.0000, 1.0000,  -0.0000, 0.0000)
            ( 0.0000, 0.0000,   1.0000, 0.0000)
            ( 4.0000, 0.0000, -15.0000, 1.0000)>
MESH
Floor_Modular_Cube.280
<Matrix 4x4 (-1.0000, 0.0000,   0.0000, 0.0000)
            ( 0.0000, 1.0000,  -0.0000, 0.0000)
            ( 0.0000, 0.0000,   1.0000, 0.0000)
            ( 6.0000, 0.0000, -19.0000, 1.0000)>
MESH
Floor_Modular_Cube.281
<Matrix 4x4 (-1.0000, 0.0000,   0.0000, 0.0000)
            ( 0.0000, 1.0000,  -0.0000, 0.0000)
            ( 0.0000, 0.0000,   1.0000, 0.0000)
            ( 6.0000, 0.0000, -17.0000, 1.0000)>
MESH
Floor_Modular_Cube.282
<Matrix 4x4 (-1.0000, 0.0000,   0.0000, 0.0000)
            ( 0.0000, 1.0000,  -0.0000, 0.0000)
            ( 0.0000, 0.0000,   1.0000, 0.0000)
            ( 6.0000, 0.0000, -15.0000, 1.0000)>
MESH
Floor_Modular_Cube.283
<Matrix 4x4 (-1.0000, 0.0000,   0.0000, 0.0000)
            ( 0.0000, 1.0000,  -0.0000, 0.0000)
            ( 0.0000, 0.0000,   1.0000, 0.0000)
            ( 8.0000, 0.0000, -19.0000, 1.0000)>
MESH
Floor_Modular_Cube.284
<Matrix 4x4 (-1.0000, 0.0000,   0.0000, 0.0000)
            ( 0.0000, 1.0000,  -0.0000, 0.0000)
            ( 0.0000, 0.0000,   1.0000, 0.0000)
            ( 8.0000, 0.0000, -17.0000, 1.0000)>
MESH
Floor_Modular_Cube.285
<Matrix 4x4 (-1.0000, 0.0000,   0.0000, 0.0000)
            ( 0.0000, 1.0000,  -0.0000, 0.0000)
            ( 0.0000, 0.0000,   1.0000, 0.0000)
            ( 8.0000, 0.0000, -15.0000, 1.0000)>
MESH
Floor_Modular_Cube.287
<Matrix 4x4 (-1.0000, 0.0000,   0.0000, 0.0000)
            ( 0.0000, 1.0000,  -0.0000, 0.0000)
            ( 0.0000, 0.0000,   1.0000, 0.0000)
            (10.0000, 0.0000, -17.0000, 1.0000)>
MESH
Floor_Modular_Cube.288
<Matrix 4x4 (-1.0000, 0.0000,   0.0000, 0.0000)
            ( 0.0000, 1.0000,  -0.0000, 0.0000)
            ( 0.0000, 0.0000,   1.0000, 0.0000)
            (10.0000, 0.0000, -15.0000, 1.0000)>
MESH
Floor_Modular_Cube.343
<Matrix 4x4 (-1.0000, 0.0000,  0.0000, 0.0000)
            ( 0.0000, 1.0000, -0.0000, 0.0000)
            ( 0.0000, 0.0000,  1.0000, 0.0000)
            ( 4.0000, 0.0000, 23.0000, 1.0000)>
MESH
Floor_Modular_Cube.344
<Matrix 4x4 (-1.0000, 0.0000,  0.0000, 0.0000)
            ( 0.0000, 1.0000, -0.0000, 0.0000)
            ( 0.0000, 0.0000,  1.0000, 0.0000)
            ( 4.0000, 0.0000, 25.0000, 1.0000)>
MESH
Floor_Modular_Cube.345
<Matrix 4x4 (-1.0000, 0.0000,  0.0000, 0.0000)
            ( 0.0000, 1.0000, -0.0000, 0.0000)
            ( 0.0000, 0.0000,  1.0000, 0.0000)
            ( 4.0000, 0.0000, 27.0000, 1.0000)>
MESH
Floor_Modular_Cube.346
<Matrix 4x4 (-1.0000, 0.0000,  0.0000, 0.0000)
            ( 0.0000, 1.0000, -0.0000, 0.0000)
            ( 0.0000, 0.0000,  1.0000, 0.0000)
            ( 6.0000, 0.0000, 23.0000, 1.0000)>
MESH
Floor_Modular_Cube.347
<Matrix 4x4 (-1.0000, 0.0000,  0.0000, 0.0000)
            ( 0.0000, 1.0000, -0.0000, 0.0000)
            ( 0.0000, 0.0000,  1.0000, 0.0000)
            ( 6.0000, 0.0000, 25.0000, 1.0000)>
MESH
Floor_Modular_Cube.348
<Matrix 4x4 (-1.0000, 0.0000,  0.0000, 0.0000)
            ( 0.0000, 1.0000, -0.0000, 0.0000)
            ( 0.0000, 0.0000,  1.0000, 0.0000)
            ( 6.0000, 0.0000, 27.0000, 1.0000)>
MESH
Floor_Modular_Cube.349
<Matrix 4x4 (-1.0000, 0.0000,  0.0000, 0.0000)
            ( 0.0000, 1.0000, -0.0000, 0.0000)
            ( 0.0000, 0.0000,  1.0000, 0.0000)
            ( 4.0000, 0.0000, 17.0000, 1.0000)>
MESH
Floor_Modular_Cube.350
<Matrix 4x4 (-1.0000, 0.0000,  0.0000, 0.0000)
            ( 0.0000, 1.0000, -0.0000, 0.0000)
            ( 0.0000, 0.0000,  1.0000, 0.0000)
            ( 4.0000, 0.0000, 19.0000, 1.0000)>
MESH
Floor_Modular_Cube.352
<Matrix 4x4 (-1.0000, 0.0000,  0.0000, 0.0000)
            ( 0.0000, 1.0000, -0.0000, 0.0000)
            ( 0.0000, 0.0000,  1.0000, 0.0000)
            ( 6.0000, 0.0000, 17.0000, 1.0000)>
MESH
Floor_Modular_Cube.353
<Matrix 4x4 (-1.0000, 0.0000,  0.0000, 0.0000)
            ( 0.0000, 1.0000, -0.0000, 0.0000)
            ( 0.0000, 0.0000,  1.0000, 0.0000)
            ( 6.0000, 0.0000, 19.0000, 1.0000)>
MESH
Floor_Modular_Cube.367
<Matrix 4x4 (-1.0000, 0.0000,  0.0000, 0.0000)
            ( 0.0000, 1.0000, -0.0000, 0.0000)
            ( 0.0000, 0.0000,  1.0000, 0.0000)
            ( 4.0000, 0.0000, 11.0000, 1.0000)>
MESH
Floor_Modular_Cube.369
<Matrix 4x4 (-1.0000, 0.0000,  0.0000, 0.0000)
            ( 0.0000, 1.0000, -0.0000, 0.0000)
            ( 0.0000, 0.0000,  1.0000, 0.0000)
            ( 4.0000, 0.0000, 15.0000, 1.0000)>
MESH
Floor_Modular_Cube.370
<Matrix 4x4 (-1.0000, 0.0000,  0.0000, 0.0000)
            ( 0.0000, 1.0000, -0.0000, 0.0000)
            ( 0.0000, 0.0000,  1.0000, 0.0000)
            ( 6.0000, 0.0000, 11.0000, 1.0000)>
MESH
Floor_Modular_Cube.372
<Matrix 4x4 (-1.0000, 0.0000,  0.0000, 0.0000)
            ( 0.0000, 1.0000, -0.0000, 0.0000)
            ( 0.0000, 0.0000,  1.0000, 0.0000)
            ( 6.0000, 0.0000, 15.0000, 1.0000)>
MESH
Floor_Modular_Cube.374
<Matrix 4x4 (-1.0000, 0.0000,  0.0000, 0.0000)
            ( 0.0000, 1.0000, -0.0000, 0.0000)
            ( 0.0000, 0.0000,  1.0000, 0.0000)
            ( 4.0000, 0.0000,  7.0000, 1.0000)>
MESH
Floor_Modular_Cube.375
<Matrix 4x4 (-1.0000, 0.0000,  0.0000, 0.0000)
            ( 0.0000, 1.0000, -0.0000, 0.0000)
            ( 0.0000, 0.0000,  1.0000, 0.0000)
            ( 4.0000, 0.0000,  9.0000, 1.0000)>
MESH
Floor_Modular_Cube.377
<Matrix 4x4 (-1.0000, 0.0000,  0.0000, 0.0000)
            ( 0.0000, 1.0000, -0.0000, 0.0000)
            ( 0.0000, 0.0000,  1.0000, 0.0000)
            ( 6.0000, 0.0000,  7.0000, 1.0000)>
MESH
Floor_Modular_Cube.378
<Matrix 4x4 (-1.0000, 0.0000,  0.0000, 0.0000)
            ( 0.0000, 1.0000, -0.0000, 0.0000)
            ( 0.0000, 0.0000,  1.0000, 0.0000)
            ( 6.0000, 0.0000,  9.0000, 1.0000)>
MESH
Wall_Modular_Cube.005
<Matrix 4x4 ( -1.0000, 0.0000,  0.0000, 0.0000)
            (  0.0000, 1.0000, -0.0000, 0.0000)
            (  0.0000, 0.0000,  1.0000, 0.0000)
            (-12.0000, 1.0000, 26.0000, 1.0000)>
MESH
Wall_Modular_Cube.001
<Matrix 4x4 ( -1.0000, 0.0000,  0.0000, 0.0000)
            (  0.0000, 1.0000, -0.0000, 0.0000)
            (  0.0000, 0.0000,  1.0000, 0.0000)
            (-10.0000, 1.0000, 28.0000, 1.0000)>
MESH
Wall_Modular_Cube.002
<Matrix 4x4 (-1.0000, 0.0000,  0.0000, 0.0000)
            ( 0.0000, 1.0000, -0.0000, 0.0000)
            ( 0.0000, 0.0000,  1.0000, 0.0000)
            (-8.0000, 1.0000, 28.0000, 1.0000)>
MESH
Wall_Modular_Cube.003
<Matrix 4x4 (-1.0000, 0.0000,  0.0000, 0.0000)
            ( 0.0000, 1.0000, -0.0000, 0.0000)
            ( 0.0000, 0.0000,  1.0000, 0.0000)
            (-6.0000, 1.0000, 28.0000, 1.0000)>
MESH
Wall_Modular_Cube.004
<Matrix 4x4 (-1.0000, 0.0000,  0.0000, 0.0000)
            ( 0.0000, 1.0000, -0.0000, 0.0000)
            ( 0.0000, 0.0000,  1.0000, 0.0000)
            (-4.0000, 1.0000, 28.0000, 1.0000)>
MESH
Wall_Modular_Cube.006
<Matrix 4x4 (-1.0000, 0.0000,  0.0000, 0.0000)
            ( 0.0000, 1.0000, -0.0000, 0.0000)
            ( 0.0000, 0.0000,  1.0000, 0.0000)
            (-2.0000, 1.0000, 28.0000, 1.0000)>
MESH
Wall_Modular_Cube.007
<Matrix 4x4 (-1.0000, 0.0000,  0.0000, 0.0000)
            ( 0.0000, 1.0000, -0.0000, 0.0000)
            ( 0.0000, 0.0000,  1.0000, 0.0000)
            ( 0.0000, 1.0000, 28.0000, 1.0000)>
MESH
Wall_Modular_Cube.008
<Matrix 4x4 (-1.0000, 0.0000,  0.0000, 0.0000)
            ( 0.0000, 1.0000, -0.0000, 0.0000)
            ( 0.0000, 0.0000,  1.0000, 0.0000)
            ( 2.0000, 1.0000, 28.0000, 1.0000)>
MESH
Wall_Modular_Cube.009
<Matrix 4x4 (-1.0000, 0.0000,  0.0000, 0.0000)
            ( 0.0000, 1.0000, -0.0000, 0.0000)
            ( 0.0000, 0.0000,  1.0000, 0.0000)
            ( 4.0000, 1.0000, 28.0000, 1.0000)>
MESH
Wall_Modular_Cube.010
<Matrix 4x4 (-1.0000, 0.0000,  0.0000, 0.0000)
            ( 0.0000, 1.0000, -0.0000, 0.0000)
            ( 0.0000, 0.0000,  1.0000, 0.0000)
            ( 6.0000, 1.0000, 28.0000, 1.0000)>
MESH
Wall_Modular_Cube.017
<Matrix 4x4 ( -1.0000, 0.0000,   0.0000, 0.0000)
            (  0.0000, 1.0000,  -0.0000, 0.0000)
            (  0.0000, 0.0000,   1.0000, 0.0000)
            (-12.0000, 1.0000, -18.0000, 1.0000)>
MESH
Wall_Modular_Cube.018
<Matrix 4x4 ( -1.0000, 0.0000,   0.0000, 0.0000)
            (  0.0000, 1.0000,  -0.0000, 0.0000)
            (  0.0000, 0.0000,   1.0000, 0.0000)
            (-10.0000, 1.0000, -20.0000, 1.0000)>
MESH
Wall_Modular_Cube.019
<Matrix 4x4 (-1.0000, 0.0000,   0.0000, 0.0000)
            ( 0.0000, 1.0000,  -0.0000, 0.0000)
            ( 0.0000, 0.0000,   1.0000, 0.0000)
            (-8.0000, 1.0000, -20.0000, 1.0000)>
MESH
Wall_Modular_Cube.020
<Matrix 4x4 (-1.0000, 0.0000,   0.0000, 0.0000)
            ( 0.0000, 1.0000,  -0.0000, 0.0000)
            ( 0.0000, 0.0000,   1.0000, 0.0000)
            (-6.0000, 1.0000, -20.0000, 1.0000)>
MESH
Wall_Modular_Cube.021
<Matrix 4x4 (-1.0000, 0.0000,   0.0000, 0.0000)
            ( 0.0000, 1.0000,  -0.0000, 0.0000)
            ( 0.0000, 0.0000,   1.0000, 0.0000)
            (-4.0000, 1.0000, -20.0000, 1.0000)>
MESH
Wall_Modular_Cube.022
<Matrix 4x4 (-1.0000, 0.0000,   0.0000, 0.0000)
            ( 0.0000, 1.0000,  -0.0000, 0.0000)
            ( 0.0000, 0.0000,   1.0000, 0.0000)
            (-2.0000, 1.0000, -20.0000, 1.0000)>
MESH
Wall_Modular_Cube.023
<Matrix 4x4 (-1.0000, 0.0000,   0.0000, 0.0000)
            ( 0.0000, 1.0000,  -0.0000, 0.0000)
            ( 0.0000, 0.0000,   1.0000, 0.0000)
            ( 0.0000, 1.0000, -20.0000, 1.0000)>
MESH
Wall_Modular_Cube.024
<Matrix 4x4 (-1.0000, 0.0000,   0.0000, 0.0000)
            ( 0.0000, 1.0000,  -0.0000, 0.0000)
            ( 0.0000, 0.0000,   1.0000, 0.0000)
            ( 2.0000, 1.0000, -20.0000, 1.0000)>
MESH
Wall_Modular_Cube.025
<Matrix 4x4 (-1.0000, 0.0000,   0.0000, 0.0000)
            ( 0.0000, 1.0000,  -0.0000, 0.0000)
            ( 0.0000, 0.0000,   1.0000, 0.0000)
            ( 4.0000, 1.0000, -20.0000, 1.0000)>
MESH
Wall_Modular_Cube.026
<Matrix 4x4 (-1.0000, 0.0000,   0.0000, 0.0000)
            ( 0.0000, 1.0000,  -0.0000, 0.0000)
            ( 0.0000, 0.0000,   1.0000, 0.0000)
            ( 6.0000, 1.0000, -20.0000, 1.0000)>
MESH
Wall_Modular_Cube.027
<Matrix 4x4 (-1.0000, 0.0000,   0.0000, 0.0000)
            ( 0.0000, 1.0000,  -0.0000, 0.0000)
            ( 0.0000, 0.0000,   1.0000, 0.0000)
            ( 8.0000, 1.0000, -20.0000, 1.0000)>
MESH
Wall_Modular_Cube.011
<Matrix 4x4 (-1.0000, 0.0000,  0.0000, 0.0000)
            ( 0.0000, 1.0000, -0.0000, 0.0000)
            ( 0.0000, 0.0000,  1.0000, 0.0000)
            (-4.0000, 1.0000, 22.0000, 1.0000)>
MESH
Wall_Modular_Cube.012
<Matrix 4x4 (-1.0000, 0.0000,  0.0000, 0.0000)
            ( 0.0000, 1.0000, -0.0000, 0.0000)
            ( 0.0000, 0.0000,  1.0000, 0.0000)
            (-2.0000, 1.0000, 22.0000, 1.0000)>
MESH
Wall_Modular_Cube.013
<Matrix 4x4 (-1.0000, 0.0000,  0.0000, 0.0000)
            ( 0.0000, 1.0000, -0.0000, 0.0000)
            ( 0.0000, 0.0000,  1.0000, 0.0000)
            ( 0.0000, 1.0000, 22.0000, 1.0000)>
MESH
Wall_Modular_Cube.014
<Matrix 4x4 (-1.0000, 0.0000,  0.0000, 0.0000)
            ( 0.0000, 1.0000, -0.0000, 0.0000)
            ( 0.0000, 0.0000,  1.0000, 0.0000)
            ( 2.0000, 1.0000, 22.0000, 1.0000)>
MESH
Wall_Modular_Cube.015
<Matrix 4x4 (-1.0000, 0.0000,  0.0000, 0.0000)
            ( 0.0000, 1.0000, -0.0000, 0.0000)
            ( 0.0000, 0.0000,  1.0000, 0.0000)
            ( 4.0000, 1.0000, 22.0000, 1.0000)>
MESH
Wall_Modular_Cube.016
<Matrix 4x4 (-1.0000, 0.0000,  0.0000, 0.0000)
            ( 0.0000, 1.0000, -0.0000, 0.0000)
            ( 0.0000, 0.0000,  1.0000, 0.0000)
            ( 6.0000, 1.0000, 22.0000, 1.0000)>
MESH
Wall_Modular_Cube.028
<Matrix 4x4 (-1.0000, 0.0000,  0.0000, 0.0000)
            ( 0.0000, 1.0000, -0.0000, 0.0000)
            ( 0.0000, 0.0000,  1.0000, 0.0000)
            (-4.0000, 1.0000, 20.0000, 1.0000)>
MESH
Wall_Modular_Cube.029
<Matrix 4x4 (-1.0000, 0.0000,  0.0000, 0.0000)
            ( 0.0000, 1.0000, -0.0000, 0.0000)
            ( 0.0000, 0.0000,  1.0000, 0.0000)
            (-2.0000, 1.0000, 20.0000, 1.0000)>
MESH
Wall_Modular_Cube.030
<Matrix 4x4 (-1.0000, 0.0000,  0.0000, 0.0000)
            ( 0.0000, 1.0000, -0.0000, 0.0000)
            ( 0.0000, 0.0000,  1.0000, 0.0000)
            ( 0.0000, 1.0000, 20.0000, 1.0000)>
MESH
Wall_Modular_Cube.031
<Matrix 4x4 (-1.0000, 0.0000,  0.0000, 0.0000)
            ( 0.0000, 1.0000, -0.0000, 0.0000)
            ( 0.0000, 0.0000,  1.0000, 0.0000)
            ( 2.0000, 1.0000, 20.0000, 1.0000)>
MESH
Wall_Modular_Cube.032
<Matrix 4x4 (-1.0000, 0.0000,  0.0000, 0.0000)
            ( 0.0000, 1.0000, -0.0000, 0.0000)
            ( 0.0000, 0.0000,  1.0000, 0.0000)
            ( 4.0000, 1.0000, 20.0000, 1.0000)>
MESH
Wall_Modular_Cube.033
<Matrix 4x4 (-1.0000, 0.0000,  0.0000, 0.0000)
            ( 0.0000, 1.0000, -0.0000, 0.0000)
            ( 0.0000, 0.0000,  1.0000, 0.0000)
            ( 6.0000, 1.0000, 20.0000, 1.0000)>
MESH
Wall_Modular_Cube.036
<Matrix 4x4 (-1.0000, 0.0000,  0.0000, 0.0000)
            ( 0.0000, 1.0000, -0.0000, 0.0000)
            ( 0.0000, 0.0000,  1.0000, 0.0000)
            ( 0.0000, 1.0000, 14.0000, 1.0000)>
MESH
Wall_Modular_Cube.037
<Matrix 4x4 (-1.0000, 0.0000,  0.0000, 0.0000)
            ( 0.0000, 1.0000, -0.0000, 0.0000)
            ( 0.0000, 0.0000,  1.0000, 0.0000)
            ( 2.0000, 1.0000, 14.0000, 1.0000)>
MESH
Wall_Modular_Cube.038
<Matrix 4x4 (-1.0000, 0.0000,  0.0000, 0.0000)
            ( 0.0000, 1.0000, -0.0000, 0.0000)
            ( 0.0000, 0.0000,  1.0000, 0.0000)
            ( 4.0000, 1.0000, 14.0000, 1.0000)>
MESH
Wall_Modular_Cube.039
<Matrix 4x4 (-1.0000, 0.0000,  0.0000, 0.0000)
            ( 0.0000, 1.0000, -0.0000, 0.0000)
            ( 0.0000, 0.0000,  1.0000, 0.0000)
            ( 6.0000, 1.0000, 14.0000, 1.0000)>
MESH
Wall_Modular_Cube.042
<Matrix 4x4 (-1.0000, 0.0000,  0.0000, 0.0000)
            ( 0.0000, 1.0000, -0.0000, 0.0000)
            ( 0.0000, 0.0000,  1.0000, 0.0000)
            ( 0.0000, 1.0000, 12.0000, 1.0000)>
MESH
Wall_Modular_Cube.043
<Matrix 4x4 (-1.0000, 0.0000,  0.0000, 0.0000)
            ( 0.0000, 1.0000, -0.0000, 0.0000)
            ( 0.0000, 0.0000,  1.0000, 0.0000)
            ( 2.0000, 1.0000, 12.0000, 1.0000)>
MESH
Wall_Modular_Cube.044
<Matrix 4x4 (-1.0000, 0.0000,  0.0000, 0.0000)
            ( 0.0000, 1.0000, -0.0000, 0.0000)
            ( 0.0000, 0.0000,  1.0000, 0.0000)
            ( 4.0000, 1.0000, 12.0000, 1.0000)>
MESH
Wall_Modular_Cube.045
<Matrix 4x4 (-1.0000, 0.0000,  0.0000, 0.0000)
            ( 0.0000, 1.0000, -0.0000, 0.0000)
            ( 0.0000, 0.0000,  1.0000, 0.0000)
            ( 6.0000, 1.0000, 12.0000, 1.0000)>
MESH
Wall_Modular_Cube.047
<Matrix 4x4 (-1.0000, 0.0000,  0.0000, 0.0000)
            ( 0.0000, 1.0000, -0.0000, 0.0000)
            ( 0.0000, 0.0000,  1.0000, 0.0000)
            (-2.0000, 1.0000,  6.0000, 1.0000)>
MESH
Wall_Modular_Cube.048
<Matrix 4x4 (-1.0000, 0.0000,  0.0000, 0.0000)
            ( 0.0000, 1.0000, -0.0000, 0.0000)
            ( 0.0000, 0.0000,  1.0000, 0.0000)
            ( 0.0000, 1.0000,  6.0000, 1.0000)>
MESH
Wall_Modular_Cube.049
<Matrix 4x4 (-1.0000, 0.0000,  0.0000, 0.0000)
            ( 0.0000, 1.0000, -0.0000, 0.0000)
            ( 0.0000, 0.0000,  1.0000, 0.0000)
            ( 2.0000, 1.0000,  6.0000, 1.0000)>
MESH
Wall_Modular_Cube.050
<Matrix 4x4 (-1.0000, 0.0000,  0.0000, 0.0000)
            ( 0.0000, 1.0000, -0.0000, 0.0000)
            ( 0.0000, 0.0000,  1.0000, 0.0000)
            ( 4.0000, 1.0000,  6.0000, 1.0000)>
MESH
Wall_Modular_Cube.051
<Matrix 4x4 (-1.0000, 0.0000,  0.0000, 0.0000)
            ( 0.0000, 1.0000, -0.0000, 0.0000)
            ( 0.0000, 0.0000,  1.0000, 0.0000)
            ( 6.0000, 1.0000,  6.0000, 1.0000)>
MESH
Wall_Modular_Cube.053
<Matrix 4x4 (-1.0000, 0.0000,  0.0000, 0.0000)
            ( 0.0000, 1.0000, -0.0000, 0.0000)
            ( 0.0000, 0.0000,  1.0000, 0.0000)
            (-2.0000, 1.0000,  4.0000, 1.0000)>
MESH
Wall_Modular_Cube.054
<Matrix 4x4 (-1.0000, 0.0000,  0.0000, 0.0000)
            ( 0.0000, 1.0000, -0.0000, 0.0000)
            ( 0.0000, 0.0000,  1.0000, 0.0000)
            ( 0.0000, 1.0000,  4.0000, 1.0000)>
MESH
Wall_Modular_Cube.055
<Matrix 4x4 (-1.0000, 0.0000,  0.0000, 0.0000)
            ( 0.0000, 1.0000, -0.0000, 0.0000)
            ( 0.0000, 0.0000,  1.0000, 0.0000)
            ( 2.0000, 1.0000,  4.0000, 1.0000)>
MESH
Wall_Modular_Cube.056
<Matrix 4x4 (-1.0000, 0.0000,  0.0000, 0.0000)
            ( 0.0000, 1.0000, -0.0000, 0.0000)
            ( 0.0000, 0.0000,  1.0000, 0.0000)
            ( 4.0000, 1.0000,  4.0000, 1.0000)>
MESH
Wall_Modular_Cube.057
<Matrix 4x4 (-1.0000, 0.0000,  0.0000, 0.0000)
            ( 0.0000, 1.0000, -0.0000, 0.0000)
            ( 0.0000, 0.0000,  1.0000, 0.0000)
            ( 6.0000, 1.0000,  4.0000, 1.0000)>
MESH
Wall_Modular_Cube.034
<Matrix 4x4 (-1.0000, 0.0000,  0.0000, 0.0000)
            ( 0.0000, 1.0000, -0.0000, 0.0000)
            ( 0.0000, 0.0000,  1.0000, 0.0000)
            ( 8.0000, 1.0000,  4.0000, 1.0000)>
MESH
Wall_Modular_Cube.035
<Matrix 4x4 (-0.0000, 0.0000, -1.0000, 0.0000)
            ( 0.0000, 1.0000, -0.0000, 0.0000)
            (-1.0000, 0.0000,  0.0000, 0.0000)
            ( 7.0000, 1.0000, 23.0000, 1.0000)>
MESH
Wall_Modular_Cube.040
<Matrix 4x4 (-0.0000, 0.0000, -1.0000, 0.0000)
            ( 0.0000, 1.0000, -0.0000, 0.0000)
            (-1.0000, 0.0000,  0.0000, 0.0000)
            ( 7.0000, 1.0000, 25.0000, 1.0000)>
MESH
Wall_Modular_Cube.041
<Matrix 4x4 (-0.0000, 0.0000, -1.0000, 0.0000)
            ( 0.0000, 1.0000, -0.0000, 0.0000)
            (-1.0000, 0.0000,  0.0000, 0.0000)
            ( 7.0000, 1.0000, 27.0000, 1.0000)>
MESH
Wall_Modular_Cube.046
<Matrix 4x4 (-0.0000, 0.0000, -1.0000, 0.0000)
            ( 0.0000, 1.0000, -0.0000, 0.0000)
            (-1.0000, 0.0000,  0.0000, 0.0000)
            ( 7.0000, 1.0000, 15.0000, 1.0000)>
MESH
Wall_Modular_Cube.052
<Matrix 4x4 (-0.0000, 0.0000, -1.0000, 0.0000)
            ( 0.0000, 1.0000, -0.0000, 0.0000)
            (-1.0000, 0.0000,  0.0000, 0.0000)
            ( 7.0000, 1.0000, 17.0000, 1.0000)>
MESH
Wall_Modular_Cube.058
<Matrix 4x4 (-0.0000, 0.0000, -1.0000, 0.0000)
            ( 0.0000, 1.0000, -0.0000, 0.0000)
            (-1.0000, 0.0000,  0.0000, 0.0000)
            ( 7.0000, 1.0000, 19.0000, 1.0000)>
MESH
Wall_Modular_Cube.059
<Matrix 4x4 (-0.0000, 0.0000, -1.0000, 0.0000)
            ( 0.0000, 1.0000, -0.0000, 0.0000)
            (-1.0000, 0.0000,  0.0000, 0.0000)
            ( 7.0000, 1.0000,  7.0000, 1.0000)>
MESH
Wall_Modular_Cube.060
<Matrix 4x4 (-0.0000, 0.0000, -1.0000, 0.0000)
            ( 0.0000, 1.0000, -0.0000, 0.0000)
            (-1.0000, 0.0000,  0.0000, 0.0000)
            ( 7.0000, 1.0000,  9.0000, 1.0000)>
MESH
Wall_Modular_Cube.061
<Matrix 4x4 (-0.0000, 0.0000, -1.0000, 0.0000)
            ( 0.0000, 1.0000, -0.0000, 0.0000)
            (-1.0000, 0.0000,  0.0000, 0.0000)
            ( 7.0000, 1.0000, 11.0000, 1.0000)>
MESH
Wall_Modular_Cube.063
<Matrix 4x4 (-0.0000, 0.0000, -1.0000, 0.0000)
            ( 0.0000, 1.0000, -0.0000, 0.0000)
            (-1.0000, 0.0000,  0.0000, 0.0000)
            ( 5.0000, 1.0000, -9.0000, 1.0000)>
MESH
Wall_Modular_Cube.064
<Matrix 4x4 (-0.0000, 0.0000, -1.0000, 0.0000)
            ( 0.0000, 1.0000, -0.0000, 0.0000)
            (-1.0000, 0.0000,  0.0000, 0.0000)
            ( 5.0000, 1.0000, -7.0000, 1.0000)>
MESH
Wall_Modular_Cube.066
<Matrix 4x4 (-0.0000, 0.0000, -1.0000, 0.0000)
            ( 0.0000, 1.0000, -0.0000, 0.0000)
            (-1.0000, 0.0000,  0.0000, 0.0000)
            (-3.0000, 1.0000, -9.0000, 1.0000)>
MESH
Wall_Modular_Cube.067
<Matrix 4x4 (-0.0000, 0.0000, -1.0000, 0.0000)
            ( 0.0000, 1.0000, -0.0000, 0.0000)
            (-1.0000, 0.0000,  0.0000, 0.0000)
            (-3.0000, 1.0000, -7.0000, 1.0000)>
MESH
Wall_Modular_Cube.070
<Matrix 4x4 (-0.0000, 0.0000,  -1.0000, 0.0000)
            ( 0.0000, 1.0000,  -0.0000, 0.0000)
            (-1.0000, 0.0000,   0.0000, 0.0000)
            (-1.0000, 1.0000, -11.0000, 1.0000)>
MESH
Wall_Modular_Cube.073
<Matrix 4x4 (-0.0000, 0.0000,  -1.0000, 0.0000)
            ( 0.0000, 1.0000,  -0.0000, 0.0000)
            (-1.0000, 0.0000,   0.0000, 0.0000)
            ( 3.0000, 1.0000, -11.0000, 1.0000)>
MESH
Wall_Modular_Cube.074
<Matrix 4x4 (-0.0000, 0.0000, -1.0000, 0.0000)
            ( 0.0000, 1.0000, -0.0000, 0.0000)
            (-1.0000, 0.0000,  0.0000, 0.0000)
            ( 3.0000, 1.0000, -5.0000, 1.0000)>
MESH
Wall_Modular_Cube.077
<Matrix 4x4 (-0.0000, 0.0000, -1.0000, 0.0000)
            ( 0.0000, 1.0000, -0.0000, 0.0000)
            (-1.0000, 0.0000,  0.0000, 0.0000)
            (-1.0000, 1.0000, -5.0000, 1.0000)>
MESH
Wall_Modular_Cube.062
<Matrix 4x4 (-1.0000, 0.0000,   0.0000, 0.0000)
            ( 0.0000, 1.0000,  -0.0000, 0.0000)
            ( 0.0000, 0.0000,   1.0000, 0.0000)
            (-2.0000, 1.0000, -10.0000, 1.0000)>
MESH
Wall_Modular_Cube.065
<Matrix 4x4 (-1.0000, 0.0000,  0.0000, 0.0000)
            ( 0.0000, 1.0000, -0.0000, 0.0000)
            ( 0.0000, 0.0000,  1.0000, 0.0000)
            (-2.0000, 1.0000, -6.0000, 1.0000)>
MESH
Wall_Modular_Cube.068
<Matrix 4x4 (-1.0000, 0.0000,  0.0000, 0.0000)
            ( 0.0000, 1.0000, -0.0000, 0.0000)
            ( 0.0000, 0.0000,  1.0000, 0.0000)
            ( 0.0000, 1.0000, -4.0000, 1.0000)>
MESH
Wall_Modular_Cube.069
<Matrix 4x4 (-1.0000, 0.0000,  0.0000, 0.0000)
            ( 0.0000, 1.0000, -0.0000, 0.0000)
            ( 0.0000, 0.0000,  1.0000, 0.0000)
            ( 2.0000, 1.0000, -4.0000, 1.0000)>
MESH
Wall_Modular_Cube.071
<Matrix 4x4 (-1.0000, 0.0000,   0.0000, 0.0000)
            ( 0.0000, 1.0000,  -0.0000, 0.0000)
            ( 0.0000, 0.0000,   1.0000, 0.0000)
            ( 2.0000, 1.0000, -12.0000, 1.0000)>
MESH
Wall_Modular_Cube.072
<Matrix 4x4 (-1.0000, 0.0000,   0.0000, 0.0000)
            ( 0.0000, 1.0000,  -0.0000, 0.0000)
            ( 0.0000, 0.0000,   1.0000, 0.0000)
            ( 0.0000, 1.0000, -12.0000, 1.0000)>
MESH
Wall_Modular_Cube.075
<Matrix 4x4 (-1.0000, 0.0000,   0.0000, 0.0000)
            ( 0.0000, 1.0000,  -0.0000, 0.0000)
            ( 0.0000, 0.0000,   1.0000, 0.0000)
            ( 4.0000, 1.0000, -10.0000, 1.0000)>
MESH
Wall_Modular_Cube.076
<Matrix 4x4 (-1.0000, 0.0000,  0.0000, 0.0000)
            ( 0.0000, 1.0000, -0.0000, 0.0000)
            ( 0.0000, 0.0000,  1.0000, 0.0000)
            ( 4.0000, 1.0000, -6.0000, 1.0000)>
MESH
Wall_Modular_Cube.078
<Matrix 4x4 (-0.0000, 0.0000, -1.0000, 0.0000)
            ( 0.0000, 1.0000, -0.0000, 0.0000)
            (-1.0000, 0.0000,  0.0000, 0.0000)
            (-3.0000, 1.0000,  5.0000, 1.0000)>
MESH
Wall_Modular_Cube.079
<Matrix 4x4 (-0.0000, 0.0000, -1.0000, 0.0000)
            ( 0.0000, 1.0000, -0.0000, 0.0000)
            (-1.0000, 0.0000,  0.0000, 0.0000)
            (-1.0000, 1.0000, 13.0000, 1.0000)>
MESH
Wall_Modular_Cube.080
<Matrix 4x4 (-0.0000, 0.0000, -1.0000, 0.0000)
            ( 0.0000, 1.0000, -0.0000, 0.0000)
            (-1.0000, 0.0000,  0.0000, 0.0000)
            (-5.0000, 1.0000, 21.0000, 1.0000)>
MESH
Wall_Modular_Cube.081
<Matrix 4x4 ( -0.0000, 0.0000, -1.0000, 0.0000)
            (  0.0000, 1.0000, -0.0000, 0.0000)
            ( -1.0000, 0.0000,  0.0000, 0.0000)
            (-13.0000, 1.0000, 23.0000, 1.0000)>
MESH
Wall_Modular_Cube.082
<Matrix 4x4 ( -0.0000, 0.0000, -1.0000, 0.0000)
            (  0.0000, 1.0000, -0.0000, 0.0000)
            ( -1.0000, 0.0000,  0.0000, 0.0000)
            (-13.0000, 1.0000, 25.0000, 1.0000)>
MESH
Wall_Modular_Cube.083
<Matrix 4x4 ( -0.0000, 0.0000, -1.0000, 0.0000)
            (  0.0000, 1.0000, -0.0000, 0.0000)
            ( -1.0000, 0.0000,  0.0000, 0.0000)
            (-11.0000, 1.0000, 27.0000, 1.0000)>
MESH
Wall_Modular_Cube.084
<Matrix 4x4 ( -0.0000, 0.0000, -1.0000, 0.0000)
            (  0.0000, 1.0000, -0.0000, 0.0000)
            ( -1.0000, 0.0000,  0.0000, 0.0000)
            (-13.0000, 1.0000, 17.0000, 1.0000)>
MESH
Wall_Modular_Cube.085
<Matrix 4x4 ( -0.0000, 0.0000, -1.0000, 0.0000)
            (  0.0000, 1.0000, -0.0000, 0.0000)
            ( -1.0000, 0.0000,  0.0000, 0.0000)
            (-13.0000, 1.0000, 19.0000, 1.0000)>
MESH
Wall_Modular_Cube.086
<Matrix 4x4 ( -0.0000, 0.0000, -1.0000, 0.0000)
            (  0.0000, 1.0000, -0.0000, 0.0000)
            ( -1.0000, 0.0000,  0.0000, 0.0000)
            (-13.0000, 1.0000, 21.0000, 1.0000)>
MESH
Wall_Modular_Cube.087
<Matrix 4x4 ( -0.0000, 0.0000, -1.0000, 0.0000)
            (  0.0000, 1.0000, -0.0000, 0.0000)
            ( -1.0000, 0.0000,  0.0000, 0.0000)
            (-13.0000, 1.0000, 11.0000, 1.0000)>
MESH
Wall_Modular_Cube.088
<Matrix 4x4 ( -0.0000, 0.0000, -1.0000, 0.0000)
            (  0.0000, 1.0000, -0.0000, 0.0000)
            ( -1.0000, 0.0000,  0.0000, 0.0000)
            (-13.0000, 1.0000, 13.0000, 1.0000)>
MESH
Wall_Modular_Cube.089
<Matrix 4x4 ( -0.0000, 0.0000, -1.0000, 0.0000)
            (  0.0000, 1.0000, -0.0000, 0.0000)
            ( -1.0000, 0.0000,  0.0000, 0.0000)
            (-13.0000, 1.0000, 15.0000, 1.0000)>
MESH
Wall_Modular_Cube.090
<Matrix 4x4 ( -0.0000, 0.0000, -1.0000, 0.0000)
            (  0.0000, 1.0000, -0.0000, 0.0000)
            ( -1.0000, 0.0000,  0.0000, 0.0000)
            (-13.0000, 1.0000,  5.0000, 1.0000)>
MESH
Wall_Modular_Cube.091
<Matrix 4x4 ( -0.0000, 0.0000, -1.0000, 0.0000)
            (  0.0000, 1.0000, -0.0000, 0.0000)
            ( -1.0000, 0.0000,  0.0000, 0.0000)
            (-13.0000, 1.0000,  7.0000, 1.0000)>
MESH
Wall_Modular_Cube.092
<Matrix 4x4 ( -0.0000, 0.0000, -1.0000, 0.0000)
            (  0.0000, 1.0000, -0.0000, 0.0000)
            ( -1.0000, 0.0000,  0.0000, 0.0000)
            (-13.0000, 1.0000,  9.0000, 1.0000)>
MESH
Wall_Modular_Cube.093
<Matrix 4x4 ( -0.0000, 0.0000, -1.0000, 0.0000)
            (  0.0000, 1.0000, -0.0000, 0.0000)
            ( -1.0000, 0.0000,  0.0000, 0.0000)
            (-13.0000, 1.0000, -1.0000, 1.0000)>
MESH
Wall_Modular_Cube.094
<Matrix 4x4 ( -0.0000, 0.0000, -1.0000, 0.0000)
            (  0.0000, 1.0000, -0.0000, 0.0000)
            ( -1.0000, 0.0000,  0.0000, 0.0000)
            (-13.0000, 1.0000,  1.0000, 1.0000)>
MESH
Wall_Modular_Cube.095
<Matrix 4x4 ( -0.0000, 0.0000, -1.0000, 0.0000)
            (  0.0000, 1.0000, -0.0000, 0.0000)
            ( -1.0000, 0.0000,  0.0000, 0.0000)
            (-13.0000, 1.0000,  3.0000, 1.0000)>
MESH
Wall_Modular_Cube.096
<Matrix 4x4 ( -0.0000, 0.0000, -1.0000, 0.0000)
            (  0.0000, 1.0000, -0.0000, 0.0000)
            ( -1.0000, 0.0000,  0.0000, 0.0000)
            (-13.0000, 1.0000, -7.0000, 1.0000)>
MESH
Wall_Modular_Cube.097
<Matrix 4x4 ( -0.0000, 0.0000, -1.0000, 0.0000)
            (  0.0000, 1.0000, -0.0000, 0.0000)
            ( -1.0000, 0.0000,  0.0000, 0.0000)
            (-13.0000, 1.0000, -5.0000, 1.0000)>
MESH
Wall_Modular_Cube.098
<Matrix 4x4 ( -0.0000, 0.0000, -1.0000, 0.0000)
            (  0.0000, 1.0000, -0.0000, 0.0000)
            ( -1.0000, 0.0000,  0.0000, 0.0000)
            (-13.0000, 1.0000, -3.0000, 1.0000)>
MESH
Wall_Modular_Cube.099
<Matrix 4x4 ( -0.0000, 0.0000,  -1.0000, 0.0000)
            (  0.0000, 1.0000,  -0.0000, 0.0000)
            ( -1.0000, 0.0000,   0.0000, 0.0000)
            (-13.0000, 1.0000, -13.0000, 1.0000)>
MESH
Wall_Modular_Cube.100
<Matrix 4x4 ( -0.0000, 0.0000,  -1.0000, 0.0000)
            (  0.0000, 1.0000,  -0.0000, 0.0000)
            ( -1.0000, 0.0000,   0.0000, 0.0000)
            (-13.0000, 1.0000, -11.0000, 1.0000)>
MESH
Wall_Modular_Cube.101
<Matrix 4x4 ( -0.0000, 0.0000, -1.0000, 0.0000)
            (  0.0000, 1.0000, -0.0000, 0.0000)
            ( -1.0000, 0.0000,  0.0000, 0.0000)
            (-13.0000, 1.0000, -9.0000, 1.0000)>
MESH
Wall_Modular_Cube.102
<Matrix 4x4 ( -0.0000, 0.0000,  -1.0000, 0.0000)
            (  0.0000, 1.0000,  -0.0000, 0.0000)
            ( -1.0000, 0.0000,   0.0000, 0.0000)
            (-11.0000, 1.0000, -19.0000, 1.0000)>
MESH
Wall_Modular_Cube.103
<Matrix 4x4 ( -0.0000, 0.0000,  -1.0000, 0.0000)
            (  0.0000, 1.0000,  -0.0000, 0.0000)
            ( -1.0000, 0.0000,   0.0000, 0.0000)
            (-13.0000, 1.0000, -17.0000, 1.0000)>
MESH
Wall_Modular_Cube.104
<Matrix 4x4 ( -0.0000, 0.0000,  -1.0000, 0.0000)
            (  0.0000, 1.0000,  -0.0000, 0.0000)
            ( -1.0000, 0.0000,   0.0000, 0.0000)
            (-13.0000, 1.0000, -15.0000, 1.0000)>
MESH
Wall_Modular_Cube.105
<Matrix 4x4 (-0.0000, 0.0000, -1.0000, 0.0000)
            ( 0.0000, 1.0000, -0.0000, 0.0000)
            (-1.0000, 0.0000,  0.0000, 0.0000)
            (15.0000, 1.0000, -5.0000, 1.0000)>
MESH
Wall_Modular_Cube.106
<Matrix 4x4 (-0.0000, 0.0000,  -1.0000, 0.0000)
            ( 0.0000, 1.0000,  -0.0000, 0.0000)
            (-1.0000, 0.0000,   0.0000, 0.0000)
            (15.0000, 1.0000, -11.0000, 1.0000)>
MESH
Wall_Modular_Cube.107
<Matrix 4x4 (-0.0000, 0.0000, -1.0000, 0.0000)
            ( 0.0000, 1.0000, -0.0000, 0.0000)
            (-1.0000, 0.0000,  0.0000, 0.0000)
            (15.0000, 1.0000, -9.0000, 1.0000)>
MESH
Wall_Modular_Cube.108
<Matrix 4x4 (-0.0000, 0.0000, -1.0000, 0.0000)
            ( 0.0000, 1.0000, -0.0000, 0.0000)
            (-1.0000, 0.0000,  0.0000, 0.0000)
            (15.0000, 1.0000, -7.0000, 1.0000)>
MESH
Wall_Modular_Cube.109
<Matrix 4x4 (-0.0000, 0.0000, -1.0000, 0.0000)
            ( 0.0000, 1.0000, -0.0000, 0.0000)
            (-1.0000, 0.0000,  0.0000, 0.0000)
            (13.0000, 1.0000, -3.0000, 1.0000)>
MESH
Wall_Modular_Cube.110
<Matrix 4x4 (-0.0000, 0.0000, -1.0000, 0.0000)
            ( 0.0000, 1.0000, -0.0000, 0.0000)
            (-1.0000, 0.0000,  0.0000, 0.0000)
            (13.0000, 1.0000, -1.0000, 1.0000)>
MESH
Wall_Modular_Cube.111
<Matrix 4x4 (-0.0000, 0.0000,  -1.0000, 0.0000)
            ( 0.0000, 1.0000,  -0.0000, 0.0000)
            (-1.0000, 0.0000,   0.0000, 0.0000)
            (13.0000, 1.0000, -15.0000, 1.0000)>
MESH
Wall_Modular_Cube.112
<Matrix 4x4 (-0.0000, 0.0000,  -1.0000, 0.0000)
            ( 0.0000, 1.0000,  -0.0000, 0.0000)
            (-1.0000, 0.0000,   0.0000, 0.0000)
            (13.0000, 1.0000, -13.0000, 1.0000)>
MESH
Wall_Modular_Cube.113
<Matrix 4x4 (-0.0000, 0.0000, -1.0000, 0.0000)
            ( 0.0000, 1.0000, -0.0000, 0.0000)
            (-1.0000, 0.0000,  0.0000, 0.0000)
            (11.0000, 1.0000,  1.0000, 1.0000)>
MESH
Wall_Modular_Cube.114
<Matrix 4x4 (-0.0000, 0.0000, -1.0000, 0.0000)
            ( 0.0000, 1.0000, -0.0000, 0.0000)
            (-1.0000, 0.0000,  0.0000, 0.0000)
            ( 9.0000, 1.0000,  3.0000, 1.0000)>
MESH
Wall_Modular_Cube.115
<Matrix 4x4 (-0.0000, 0.0000,  -1.0000, 0.0000)
            ( 0.0000, 1.0000,  -0.0000, 0.0000)
            (-1.0000, 0.0000,   0.0000, 0.0000)
            ( 9.0000, 1.0000, -19.0000, 1.0000)>
MESH
Wall_Modular_Cube.116
<Matrix 4x4 (-0.0000, 0.0000,  -1.0000, 0.0000)
            ( 0.0000, 1.0000,  -0.0000, 0.0000)
            (-1.0000, 0.0000,   0.0000, 0.0000)
            (11.0000, 1.0000, -17.0000, 1.0000)>
MESH
Wall_Modular_Cube.117
<Matrix 4x4 (-1.0000, 0.0000,  0.0000, 0.0000)
            ( 0.0000, 1.0000, -0.0000, 0.0000)
            ( 0.0000, 0.0000,  1.0000, 0.0000)
            (10.0000, 1.0000,  2.0000, 1.0000)>
MESH
Wall_Modular_Cube.118
<Matrix 4x4 (-1.0000, 0.0000,  0.0000, 0.0000)
            ( 0.0000, 1.0000, -0.0000, 0.0000)
            ( 0.0000, 0.0000,  1.0000, 0.0000)
            (12.0000, 1.0000,  0.0000, 1.0000)>
MESH
Wall_Modular_Cube.119
<Matrix 4x4 (-1.0000, 0.0000,  0.0000, 0.0000)
            ( 0.0000, 1.0000, -0.0000, 0.0000)
            ( 0.0000, 0.0000,  1.0000, 0.0000)
            (14.0000, 1.0000, -4.0000, 1.0000)>
MESH
Wall_Modular_Cube.120
<Matrix 4x4 (-1.0000, 0.0000,   0.0000, 0.0000)
            ( 0.0000, 1.0000,  -0.0000, 0.0000)
            ( 0.0000, 0.0000,   1.0000, 0.0000)
            (10.0000, 1.0000, -18.0000, 1.0000)>
MESH
Wall_Modular_Cube.121
<Matrix 4x4 (-1.0000, 0.0000,   0.0000, 0.0000)
            ( 0.0000, 1.0000,  -0.0000, 0.0000)
            ( 0.0000, 0.0000,   1.0000, 0.0000)
            (12.0000, 1.0000, -16.0000, 1.0000)>
MESH
Wall_Modular_Cube.122
<Matrix 4x4 (-1.0000, 0.0000,   0.0000, 0.0000)
            ( 0.0000, 1.0000,  -0.0000, 0.0000)
            ( 0.0000, 0.0000,   1.0000, 0.0000)
            (14.0000, 1.0000, -12.0000, 1.0000)>
LIGHT
Point
POINT
<Color (r=1.0000, g=0.2816, b=0.0248)>
600.0001220703125
1.0
<Matrix 4x4 (-1.0000, 0.0000,  0.0000, 0.0000)
            ( 0.0000, 0.0000, -1.0000, 0.0000)
            ( 0.0000, 1.0000,  0.0000, 0.0000)
            ( 0.0000, 1.4383, -3.5927, 1.0000)>
LIGHT
Point.001
POINT
<Color (r=1.0000, g=0.2816, b=0.0248)>
600.0001220703125
1.0
<Matrix 4x4 (-1.0000, 0.0000,  0.0000, 0.0000)
            ( 0.0000, 0.0000, -1.0000, 0.0000)
            ( 0.0000, 1.0000,  0.0000, 0.0000)
            ( 2.0000, 1.4383, -3.5927, 1.0000)>
LIGHT
Point.002
POINT
<Color (r=1.0000, g=0.2816, b=0.0248)>
600.0001220703125
1.0
<Matrix 4x4 (-1.0000, 0.0000,   0.0000, 0.0000)
            ( 0.0000, 0.0000,  -1.0000, 0.0000)
            ( 0.0000, 1.0000,   0.0000, 0.0000)
            ( 2.0000, 1.4383, -12.3927, 1.0000)>
LIGHT
Point.003
POINT
<Color (r=1.0000, g=0.2816, b=0.0248)>
600.0
1.0
<Matrix 4x4 (-1.0000, 0.0000,   0.0000, 0.0000)
            ( 0.0000, 0.0000,  -1.0000, 0.0000)
            ( 0.0000, 1.0000,   0.0000, 0.0000)
            ( 0.0000, 1.4383, -12.3927, 1.0000)>
LIGHT
Point.004
POINT
<Color (r=1.0000, g=0.2816, b=0.0248)>
600.0
1.0
<Matrix 4x4 ( -1.0000, 0.0000,   0.0000, 0.0000)
            (  0.0000, 0.0000,  -1.0000, 0.0000)
            (  0.0000, 1.0000,   0.0000, 0.0000)
            (-12.6000, 1.4383, -17.0527, 1.0000)>
LIGHT
Point.005
POINT
<Color (r=1.0000, g=0.2816, b=0.0248)>
600.0
1.0
<Matrix 4x4 (-1.0000, 0.0000,   0.0000, 0.0000)
            ( 0.0000, 0.0000,  -1.0000, 0.0000)
            ( 0.0000, 1.0000,   0.0000, 0.0000)
            (12.6000, 1.4383, -15.0663, 1.0000)>
LIGHT
Point.006
POINT
<Color (r=1.0000, g=0.2816, b=0.0248)>
600.0
1.0
<Matrix 4x4 (-1.0000, 0.0000,   0.0000, 0.0000)
            ( 0.0000, 0.0000,  -1.0000, 0.0000)
            ( 0.0000, 1.0000,   0.0000, 0.0000)
            (12.6000, 1.4383, -13.0663, 1.0000)>
LIGHT
Point.007
POINT
<Color (r=1.0000, g=0.2816, b=0.0248)>
600.0
1.0
<Matrix 4x4 (-1.0000, 0.0000,  0.0000, 0.0000)
            ( 0.0000, 0.0000, -1.0000, 0.0000)
            ( 0.0000, 1.0000,  0.0000, 0.0000)
            (14.6000, 1.4383, -9.0663, 1.0000)>
LIGHT
Point.008
POINT
<Color (r=1.0000, g=0.2816, b=0.0248)>
600.0
1.0
<Matrix 4x4 (-1.0000, 0.0000,  0.0000, 0.0000)
            ( 0.0000, 0.0000, -1.0000, 0.0000)
            ( 0.0000, 1.0000,  0.0000, 0.0000)
            (14.6000, 1.4383, -7.0663, 1.0000)>
LIGHT
Point.009
POINT
<Color (r=1.0000, g=0.2816, b=0.0248)>
600.0
1.0
<Matrix 4x4 (-1.0000, 0.0000,  0.0000, 0.0000)
            ( 0.0000, 0.0000, -1.0000, 0.0000)
            ( 0.0000, 1.0000,  0.0000, 0.0000)
            (12.6000, 1.4383, -3.0663, 1.0000)>
LIGHT
Point.010
POINT
<Color (r=1.0000, g=0.2816, b=0.0248)>
600.0
1.0
<Matrix 4x4 (-1.0000, 0.0000,  0.0000, 0.0000)
            ( 0.0000, 0.0000, -1.0000, 0.0000)
            ( 0.0000, 1.0000,  0.0000, 0.0000)
            (12.6000, 1.4383, -1.0663, 1.0000)>
LIGHT
Point.011
POINT
<Color (r=1.0000, g=0.2816, b=0.0248)>
600.0
1.0
<Matrix 4x4 ( -1.0000, 0.0000,  0.0000, 0.0000)
            (  0.0000, 0.0000, -1.0000, 0.0000)
            (  0.0000, 1.0000,  0.0000, 0.0000)
            (-12.6000, 1.4383, -9.0527, 1.0000)>
LIGHT
Point.012
POINT
<Color (r=1.0000, g=0.2816, b=0.0248)>
600.0
1.0
<Matrix 4x4 ( -1.0000, 0.0000,  0.0000, 0.0000)
            (  0.0000, 0.0000, -1.0000, 0.0000)
            (  0.0000, 1.0000,  0.0000, 0.0000)
            (-12.6000, 1.4383, -1.0527, 1.0000)>
LIGHT
Point.013
POINT
<Color (r=1.0000, g=0.2816, b=0.0248)>
600.0
1.0
<Matrix 4x4 ( -1.0000, 0.0000,  0.0000, 0.0000)
            (  0.0000, 0.0000, -1.0000, 0.0000)
            (  0.0000, 1.0000,  0.0000, 0.0000)
            (-12.6000, 1.4383,  8.9473, 1.0000)>
LIGHT
Point.014
POINT
<Color (r=1.0000, g=0.2816, b=0.0248)>
600.0
1.0
<Matrix 4x4 ( -1.0000, 0.0000,  0.0000, 0.0000)
            (  0.0000, 0.0000, -1.0000, 0.0000)
            (  0.0000, 1.0000,  0.0000, 0.0000)
            (-12.6000, 1.4383, 16.9473, 1.0000)>
LIGHT
Point.015
POINT
<Color (r=1.0000, g=0.2816, b=0.0248)>
600.0
1.0
<Matrix 4x4 ( -1.0000, 0.0000,  0.0000, 0.0000)
            (  0.0000, 0.0000, -1.0000, 0.0000)
            (  0.0000, 1.0000,  0.0000, 0.0000)
            (-12.6000, 1.4383, 24.9473, 1.0000)>
LIGHT
Point.016
POINT
<Color (r=1.0000, g=0.2816, b=0.0248)>
600.0
1.0
<Matrix 4x4 (-1.0000, 0.0000,  0.0000, 0.0000)
            ( 0.0000, 0.0000, -1.0000, 0.0000)
            ( 0.0000, 1.0000,  0.0000, 0.0000)
            ( 6.6000, 1.4383, 24.9337, 1.0000)>
LIGHT
Point.017
POINT
<Color (r=1.0000, g=0.2816, b=0.0248)>
600.0
1.0
<Matrix 4x4 (-1.0000, 0.0000,  0.0000, 0.0000)
            ( 0.0000, 0.0000, -1.0000, 0.0000)
            ( 0.0000, 1.0000,  0.0000, 0.0000)
            ( 6.6000, 1.4383,  8.9337, 1.0000)>
LIGHT
Point.018
POINT
<Color (r=1.0000, g=0.2816, b=0.0248)>
600.0
1.0
<Matrix 4x4 (-1.0000, 0.0000,  0.0000, 0.0000)
            ( 0.0000, 0.0000, -1.0000, 0.0000)
            ( 0.0000, 1.0000,  0.0000, 0.0000)
            ( 6.6000, 1.4383, 16.9337, 1.0000)>
MESH
Torch_Cylinder.001
<Matrix 4x4 (-1.0000, 0.0000,  0.0000, 0.0000)
            ( 0.0000, 1.0000, -0.0000, 0.0000)
            ( 0.0000, 0.0000,  1.0000, 0.0000)
            ( 2.0000, 1.0000, -3.5927, 1.0000)>
MESH
Torch_Cylinder.002
<Matrix 4x4 ( 1.0000, 0.0000,  -0.0000, 0.0000)
            ( 0.0000, 1.0000,   0.0000, 0.0000)
            (-0.0000, 0.0000,  -1.0000, 0.0000)
            ( 2.0000, 1.0000, -12.4073, 1.0000)>
MESH
Torch_Cylinder.003
<Matrix 4x4 ( 1.0000, 0.0000,  -0.0000, 0.0000)
            ( 0.0000, 1.0000,   0.0000, 0.0000)
            (-0.0000, 0.0000,  -1.0000, 0.0000)
            ( 0.0000, 1.0000, -12.4073, 1.0000)>
MESH
Torch_Cylinder.004
<Matrix 4x4 (-0.0000, 0.0000, -1.0000, 0.0000)
            ( 0.0000, 1.0000, -0.0000, 0.0000)
            (-1.0000, 0.0000,  0.0000, 0.0000)
            ( 6.6454, 1.0000, 16.9525, 1.0000)>
MESH
Torch_Cylinder.005
<Matrix 4x4 (-0.0000, 0.0000, -1.0000, 0.0000)
            ( 0.0000, 1.0000, -0.0000, 0.0000)
            (-1.0000, 0.0000,  0.0000, 0.0000)
            ( 6.6454, 1.0000, 24.9525, 1.0000)>
MESH
Torch_Cylinder.006
<Matrix 4x4 ( -0.0000, 0.0000,  1.0000, 0.0000)
            ( -0.0000, 1.0000, -0.0000, 0.0000)
            (  1.0000, 0.0000,  0.0000, 0.0000)
            (-12.6042, 1.0000, 24.9525, 1.0000)>
MESH
Torch_Cylinder.007
<Matrix 4x4 (-0.0000, 0.0000, -1.0000, 0.0000)
            ( 0.0000, 1.0000, -0.0000, 0.0000)
            (-1.0000, 0.0000,  0.0000, 0.0000)
            (12.6454, 1.0000, -3.0475, 1.0000)>
MESH
Torch_Cylinder.008
<Matrix 4x4 (-0.0000, 0.0000, -1.0000, 0.0000)
            ( 0.0000, 1.0000, -0.0000, 0.0000)
            (-1.0000, 0.0000,  0.0000, 0.0000)
            (12.6454, 1.0000, -1.0475, 1.0000)>
MESH
Torch_Cylinder.009
<Matrix 4x4 (-0.0000, 0.0000,  -1.0000, 0.0000)
            ( 0.0000, 1.0000,  -0.0000, 0.0000)
            (-1.0000, 0.0000,   0.0000, 0.0000)
            (12.6454, 1.0000, -15.0475, 1.0000)>
MESH
Torch_Cylinder.010
<Matrix 4x4 (-0.0000, 0.0000,  -1.0000, 0.0000)
            ( 0.0000, 1.0000,  -0.0000, 0.0000)
            (-1.0000, 0.0000,   0.0000, 0.0000)
            (12.6454, 1.0000, -13.0475, 1.0000)>
MESH
Torch_Cylinder.011
<Matrix 4x4 (-0.0000, 0.0000, -1.0000, 0.0000)
            ( 0.0000, 1.0000, -0.0000, 0.0000)
            (-1.0000, 0.0000,  0.0000, 0.0000)
            (14.6454, 1.0000, -9.0475, 1.0000)>
MESH
Torch_Cylinder.012
<Matrix 4x4 (-0.0000, 0.0000, -1.0000, 0.0000)
            ( 0.0000, 1.0000, -0.0000, 0.0000)
            (-1.0000, 0.0000,  0.0000, 0.0000)
            (14.6454, 1.0000, -7.0475, 1.0000)>
MESH
Torch_Cylinder.013
<Matrix 4x4 (-0.0000, 0.0000, -1.0000, 0.0000)
            ( 0.0000, 1.0000, -0.0000, 0.0000)
            (-1.0000, 0.0000,  0.0000, 0.0000)
            ( 6.6454, 1.0000,  8.9525, 1.0000)>
MESH
Torch_Cylinder.014
<Matrix 4x4 ( -0.0000, 0.0000,  1.0000, 0.0000)
            ( -0.0000, 1.0000, -0.0000, 0.0000)
            (  1.0000, 0.0000,  0.0000, 0.0000)
            (-12.6042, 1.0000, 16.9525, 1.0000)>
MESH
Torch_Cylinder.015
<Matrix 4x4 ( -0.0000, 0.0000,  1.0000, 0.0000)
            ( -0.0000, 1.0000, -0.0000, 0.0000)
            (  1.0000, 0.0000,  0.0000, 0.0000)
            (-12.6042, 1.0000,  8.9525, 1.0000)>
MESH
Torch_Cylinder.016
<Matrix 4x4 ( -0.0000, 0.0000,  1.0000, 0.0000)
            ( -0.0000, 1.0000, -0.0000, 0.0000)
            (  1.0000, 0.0000,  0.0000, 0.0000)
            (-12.6042, 1.0000, -1.0475, 1.0000)>
MESH
Torch_Cylinder.017
<Matrix 4x4 ( -0.0000, 0.0000,  1.0000, 0.0000)
            ( -0.0000, 1.0000, -0.0000, 0.0000)
            (  1.0000, 0.0000,  0.0000, 0.0000)
            (-12.6042, 1.0000, -9.0475, 1.0000)>
MESH
Torch_Cylinder.018
<Matrix 4x4 (-1.0000, 0.0000,  0.0000, 0.0000)
            ( 0.0000, 1.0000, -0.0000, 0.0000)
            ( 0.0000, 0.0000,  1.0000, 0.0000)
            ( 0.0000, 1.0000, -3.5927, 1.0000)>
MESH
Torch_Cylinder.019
<Matrix 4x4 ( -0.0000, 0.0000,   1.0000, 0.0000)
            ( -0.0000, 1.0000,  -0.0000, 0.0000)
            (  1.0000, 0.0000,   0.0000, 0.0000)
            (-12.6042, 1.0000, -17.0475, 1.0000)>
MESH
Torch_Cylinder.020
<Matrix 4x4 (-0.0000, 0.0000, -1.0000, 0.0000)
            ( 0.0000, 1.0000, -0.0000, 0.0000)
            (-1.0000, 0.0000,  0.0000, 0.0000)
            (-5.3546, 1.0000, 20.9525, 1.0000)>
MESH
Torch_Cylinder.021
<Matrix 4x4 (-0.0000, 0.0000, -1.0000, 0.0000)
            ( 0.0000, 1.0000, -0.0000, 0.0000)
            (-1.0000, 0.0000,  0.0000, 0.0000)
            (-1.3546, 1.0000, 12.9525, 1.0000)>
MESH
Torch_Cylinder.022
<Matrix 4x4 (-0.0000, 0.0000, -1.0000, 0.0000)
            ( 0.0000, 1.0000, -0.0000, 0.0000)
            (-1.0000, 0.0000,  0.0000, 0.0000)
            (-3.3546, 1.0000,  4.9525, 1.0000)>
LIGHT
Point.019
POINT
<Color (r=1.0000, g=0.2816, b=0.0248)>
600.0
1.0
<Matrix 4x4 (-1.0000, 0.0000,  0.0000, 0.0000)
            ( 0.0000, 0.0000, -1.0000, 0.0000)
            ( 0.0000, 1.0000,  0.0000, 0.0000)
            (-5.4000, 1.4383, 20.9337, 1.0000)>
LIGHT
Point.020
POINT
<Color (r=1.0000, g=0.2816, b=0.0248)>
600.0
1.0
<Matrix 4x4 (-1.0000, 0.0000,  0.0000, 0.0000)
            ( 0.0000, 0.0000, -1.0000, 0.0000)
            ( 0.0000, 1.0000,  0.0000, 0.0000)
            (-1.4000, 1.4383, 12.9337, 1.0000)>
LIGHT
Point.021
POINT
<Color (r=1.0000, g=0.2816, b=0.0248)>
600.0
1.0
<Matrix 4x4 (-1.0000, 0.0000,  0.0000, 0.0000)
            ( 0.0000, 0.0000, -1.0000, 0.0000)
            ( 0.0000, 1.0000,  0.0000, 0.0000)
            (-3.4000, 1.4383,  4.9337, 1.0000)>
MESH
Torch_Cylinder.023
<Matrix 4x4 (-0.0000, 0.0000, -1.0000, 0.0000)
            ( 0.0000, 1.0000, -0.0000, 0.0000)
            (-1.0000, 0.0000,  0.0000, 0.0000)
            (-3.3546, 1.0000, -9.0475, 1.0000)>
MESH
Torch_Cylinder.024
<Matrix 4x4 (-0.0000, 0.0000, -1.0000, 0.0000)
            ( 0.0000, 1.0000, -0.0000, 0.0000)
            (-1.0000, 0.0000,  0.0000, 0.0000)
            (-3.3546, 1.0000, -7.0475, 1.0000)>
MESH
Torch_Cylinder.025
<Matrix 4x4 (-0.0000, 0.0000,  1.0000, 0.0000)
            (-0.0000, 1.0000, -0.0000, 0.0000)
            ( 1.0000, 0.0000,  0.0000, 0.0000)
            ( 5.4454, 1.0000, -7.0475, 1.0000)>
MESH
Torch_Cylinder.026
<Matrix 4x4 (-0.0000, 0.0000,  1.0000, 0.0000)
            (-0.0000, 1.0000, -0.0000, 0.0000)
            ( 1.0000, 0.0000,  0.0000, 0.0000)
            ( 5.4454, 1.0000, -9.0475, 1.0000)>
LIGHT
Point.024
POINT
<Color (r=1.0000, g=0.2816, b=0.0248)>
600.0
1.0
<Matrix 4x4 (-1.0000, 0.0000,  0.0000, 0.0000)
            ( 0.0000, 0.0000, -1.0000, 0.0000)
            ( 0.0000, 1.0000,  0.0000, 0.0000)
            ( 5.4572, 1.4383, -9.0663, 1.0000)>
LIGHT
Point.025
POINT
<Color (r=1.0000, g=0.2816, b=0.0248)>
600.0
1.0
<Matrix 4x4 (-1.0000, 0.0000,  0.0000, 0.0000)
            ( 0.0000, 0.0000, -1.0000, 0.0000)
            ( 0.0000, 1.0000,  0.0000, 0.0000)
            ( 5.4572, 1.4383, -7.0663, 1.0000)>
LIGHT
Point.022
POINT
<Color (r=1.0000, g=0.2816, b=0.0248)>
600.0
1.0
<Matrix 4x4 (-1.0000, 0.0000,  0.0000, 0.0000)
            ( 0.0000, 0.0000, -1.0000, 0.0000)
            ( 0.0000, 1.0000,  0.0000, 0.0000)
            (-3.3528, 1.4383, -9.0663, 1.0000)>
LIGHT
Point.023
POINT
<Color (r=1.0000, g=0.2816, b=0.0248)>
600.0
1.0
<Matrix 4x4 (-1.0000, 0.0000,  0.0000, 0.0000)
            ( 0.0000, 0.0000, -1.0000, 0.0000)
            ( 0.0000, 1.0000,  0.0000, 0.0000)
            (-3.3528, 1.4383, -7.0663, 1.0000)>
