# Game Level Exporter v1.3
MESH
treasureMenuOverlay
<Matrix 4x4 (-0.2594, 0.0000,  0.0000, 0.0000)
            ( 0.0000, 0.4156, -0.0000, 0.0000)
            ( 0.0000, 0.0000,  0.3857, 0.0000)
            (-0.0035, 0.0277, -0.1658, 1.0000)>
MESH
treasure1ButtonText
<Matrix 4x4 (-0.1105,  0.0000,  0.1105, 0.0000)
            ( 0.0000,  0.1455,  0.0000, 0.0000)
            ( 0.1105, -0.0000,  0.1105, 0.0000)
            (-0.0647,  0.3564, -0.2617, 1.0000)>
MESH
treasure1Button
<Matrix 4x4 ( 0.0566,  0.0000,  0.0000, 0.0000)
            ( 0.0000, -0.0566,  0.0000, 0.0000)
            ( 0.0000, -0.0000, -0.0566, 0.0000)
            (-0.1400,  0.3402, -0.1336, 1.0000)>
MESH
treasure2ButtonText
<Matrix 4x4 (-0.1105,  0.0000,  0.1105, 0.0000)
            ( 0.0000,  0.1455,  0.0000, 0.0000)
            ( 0.1105, -0.0000,  0.1105, 0.0000)
            ( 0.0815,  0.3564, -0.2617, 1.0000)>
MESH
treasure2Button
<Matrix 4x4 ( 0.0566,  0.0000,  0.0000, 0.0000)
            ( 0.0000, -0.0566,  0.0000, 0.0000)
            ( 0.0000, -0.0000, -0.0566, 0.0000)
            (-0.0039,  0.3402, -0.1336, 1.0000)>
MESH
treasure3ButtonText
<Matrix 4x4 (-0.1105,  0.0000,  0.1105, 0.0000)
            ( 0.0000,  0.1455,  0.0000, 0.0000)
            ( 0.1105, -0.0000,  0.1105, 0.0000)
            ( 0.2150,  0.3564, -0.2617, 1.0000)>
MESH
treasure3Button
<Matrix 4x4 (0.0566,  0.0000,  0.0000, 0.0000)
            (0.0000, -0.0566,  0.0000, 0.0000)
            (0.0000, -0.0000, -0.0566, 0.0000)
            (0.1297,  0.3402, -0.1336, 1.0000)>
MESH
treasure4ButtonText
<Matrix 4x4 (-0.1105,  0.0000,  0.1105, 0.0000)
            ( 0.0000,  0.1455,  0.0000, 0.0000)
            ( 0.1105, -0.0000,  0.1105, 0.0000)
            ( 0.2150,  0.1001, -0.2617, 1.0000)>
MESH
treasure4Button
<Matrix 4x4 (0.0566,  0.0000,  0.0000, 0.0000)
            (0.0000, -0.0566,  0.0000, 0.0000)
            (0.0000, -0.0000, -0.0566, 0.0000)
            (0.1297,  0.0806, -0.1336, 1.0000)>
MESH
treasure5ButtonText
<Matrix 4x4 (-0.1105,  0.0000,  0.1105, 0.0000)
            ( 0.0000,  0.1455,  0.0000, 0.0000)
            ( 0.1105, -0.0000,  0.1105, 0.0000)
            ( 0.0815,  0.1001, -0.2617, 1.0000)>
MESH
treasure5Button
<Matrix 4x4 ( 0.0566,  0.0000,  0.0000, 0.0000)
            ( 0.0000, -0.0566,  0.0000, 0.0000)
            ( 0.0000, -0.0000, -0.0566, 0.0000)
            (-0.0041,  0.0806, -0.1336, 1.0000)>
MESH
treasure6ButtonText
<Matrix 4x4 (-0.1105,  0.0000,  0.1105, 0.0000)
            ( 0.0000,  0.1455,  0.0000, 0.0000)
            ( 0.1105, -0.0000,  0.1105, 0.0000)
            (-0.0647,  0.1001, -0.2617, 1.0000)>
MESH
treasure6Button
<Matrix 4x4 ( 0.0566,  0.0000,  0.0000, 0.0000)
            ( 0.0000, -0.0566,  0.0000, 0.0000)
            ( 0.0000, -0.0000, -0.0566, 0.0000)
            (-0.1392,  0.0806, -0.1336, 1.0000)>
MESH
treasure7ButtonText
<Matrix 4x4 (-0.1105,  0.0000,  0.1105, 0.0000)
            ( 0.0000,  0.1455,  0.0000, 0.0000)
            ( 0.1105, -0.0000,  0.1105, 0.0000)
            ( 0.2150, -0.1820, -0.2617, 1.0000)>
MESH
treasure7Button
<Matrix 4x4 (0.0566,  0.0000,  0.0000, 0.0000)
            (0.0000, -0.0566,  0.0000, 0.0000)
            (0.0000, -0.0000, -0.0566, 0.0000)
            (0.1297, -0.2023, -0.1336, 1.0000)>
MESH
treasure8ButtonText
<Matrix 4x4 (-0.1105,  0.0000,  0.1105, 0.0000)
            ( 0.0000,  0.1455,  0.0000, 0.0000)
            ( 0.1105, -0.0000,  0.1105, 0.0000)
            ( 0.0815, -0.1820, -0.2617, 1.0000)>
MESH
treasure8Button
<Matrix 4x4 ( 0.0566,  0.0000,  0.0000, 0.0000)
            ( 0.0000, -0.0566,  0.0000, 0.0000)
            ( 0.0000, -0.0000, -0.0566, 0.0000)
            (-0.0041, -0.2023, -0.1336, 1.0000)>
MESH
treasure9ButtonText
<Matrix 4x4 (-0.1105,  0.0000,  0.1105, 0.0000)
            ( 0.0000,  0.1455,  0.0000, 0.0000)
            ( 0.1105, -0.0000,  0.1105, 0.0000)
            (-0.0647, -0.1820, -0.2617, 1.0000)>
MESH
treasure9Button
<Matrix 4x4 ( 0.0566,  0.0000,  0.0000, 0.0000)
            ( 0.0000, -0.0566,  0.0000, 0.0000)
            ( 0.0000, -0.0000, -0.0566, 0.0000)
            (-0.1392, -0.2023, -0.1336, 1.0000)>
MESH
ExitMenuButtonText
<Matrix 4x4 (-0.0870,  0.0000,  0.0000, 0.0000)
            ( 0.0000,  0.0870, -0.0000, 0.0000)
            ( 0.0000,  0.0000,  0.0870, 0.0000)
            (-0.0576, -0.5158, -0.0657, 1.0000)>
MESH
ExitMenuButton
<Matrix 4x4 ( 0.1909,  0.0000,  0.0000, 0.0000)
            ( 0.0000, -0.0422,  0.0000, 0.0000)
            ( 0.0000, -0.0000, -0.1909, 0.0000)
            (-0.0040, -0.4872, -0.1265, 1.0000)>
MESH
TreasureMenuTextButtonText
<Matrix 4x4 (-0.1160, 0.0000,  0.0000, 0.0000)
            ( 0.0000, 0.1160, -0.0000, 0.0000)
            ( 0.0000, 0.0000,  0.1160, 0.0000)
            (-0.1285, 0.5210, -0.1576, 1.0000)>
MESH
TreasureMenuTextButton
<Matrix 4x4 ( 0.0519,  0.0000,  0.0000, 0.0000)
            ( 0.0000, -0.0115,  0.0000, 0.0000)
            ( 0.0000, -0.0000, -0.0519, 0.0000)
            (-0.0085,  0.5536, -0.1647, 1.0000)>
