# Game Level Exporter v1.3
MESH
Circle
<Matrix 4x4 (-0.6777, 0.0000,  0.0000, 0.0000)
            ( 0.0000, 0.0000, -0.6777, 0.0000)
            ( 0.0000, 0.6777,  0.0000, 0.0000)
            ( 3.6104, 0.0000, -0.1364, 1.0000)>
MESH
Circle.001
<Matrix 4x4 (-0.6777, 0.0000,  0.0000, 0.0000)
            ( 0.0000, 0.0000, -0.6777, 0.0000)
            ( 0.0000, 0.6777,  0.0000, 0.0000)
            ( 4.9658, 0.0000, -0.1364, 1.0000)>
MESH
Circle.002
<Matrix 4x4 (-0.6777, 0.0000,  0.0000, 0.0000)
            ( 0.0000, 0.0000, -0.6777, 0.0000)
            ( 0.0000, 0.6777,  0.0000, 0.0000)
            ( 6.3213, 0.0000, -0.1364, 1.0000)>
MESH
Circle.003
<Matrix 4x4 (-0.6777, 0.0000,  0.0000, 0.0000)
            ( 0.0000, 0.0000, -0.6777, 0.0000)
            ( 0.0000, 0.6777,  0.0000, 0.0000)
            ( 7.6767, 0.0000, -0.1364, 1.0000)>
MESH
Circle.004
<Matrix 4x4 (-0.6777, 0.0000,  0.0000, 0.0000)
            ( 0.0000, 0.0000, -0.6777, 0.0000)
            ( 0.0000, 0.6777,  0.0000, 0.0000)
            ( 9.0322, 0.0000, -0.1364, 1.0000)>
MESH
Circle.005
<Matrix 4x4 (-0.6777, 0.0000,  0.0000, 0.0000)
            ( 0.0000, 0.0000, -0.6777, 0.0000)
            ( 0.0000, 0.6777,  0.0000, 0.0000)
            (10.3877, 0.0000, -0.1364, 1.0000)>
MESH
Circle.006
<Matrix 4x4 (-0.6777, 0.0000,  0.0000, 0.0000)
            ( 0.0000, 0.0000, -0.6777, 0.0000)
            ( 0.0000, 0.6777,  0.0000, 0.0000)
            (11.7431, 0.0000, -0.1364, 1.0000)>
MESH
Text
<Matrix 4x4 (-1.0000, 0.0000,  0.0000, 0.0000)
            ( 0.0000, 0.0000, -1.0000, 0.0000)
            ( 0.0000, 1.0000,  0.0000, 0.0000)
            ( 0.9024, 0.0011,  0.0507, 1.0000)>
