# Game Level Exporter v1.3
MESH
GameText
<Matrix 4x4 (-0.3634, 0.0000,  0.0000, 0.0000)
            ( 0.0000, 0.3634, -0.0000, 0.0000)
            ( 0.0000, 0.0000,  0.3634, 0.0000)
            (-0.7461, 0.3220,  0.0000, 1.0000)>
MESH
startGameButton
<Matrix 4x4 (-0.6965,  0.0000,  0.0000, 0.0000)
            ( 0.0000,  0.1034, -0.0000, 0.0000)
            ( 0.0000,  0.0000,  0.1578, 0.0000)
            (-0.0690, -0.3649, -0.0000, 1.0000)>
MESH
controlsButton
<Matrix 4x4 (-0.6965,  0.0000,  0.0000, 0.0000)
            ( 0.0000,  0.1034, -0.0000, 0.0000)
            ( 0.0000,  0.0000,  0.1578, 0.0000)
            (-0.0690, -0.6176, -0.0000, 1.0000)>
MESH
ExitButton
<Matrix 4x4 (-0.6965,  0.0000,  0.0000, 0.0000)
            ( 0.0000,  0.1034, -0.0000, 0.0000)
            ( 0.0000,  0.0000,  0.1578, 0.0000)
            (-0.0690, -0.8767, -0.0000, 1.0000)>
MESH
startGameButtonText
<Matrix 4x4 (-0.1590,  0.0000,  0.0000, 0.0000)
            ( 0.0000,  0.1590, -0.0000, 0.0000)
            ( 0.0000,  0.0000,  1.5895, 0.0000)
            (-0.1883, -0.3786,  0.0000, 1.0000)>
MESH
controlsButtonText
<Matrix 4x4 (-0.1590,  0.0000,  0.0000, 0.0000)
            ( 0.0000,  0.1590, -0.0000, 0.0000)
            ( 0.0000,  0.0000,  1.5895, 0.0000)
            (-0.1533, -0.6181,  0.0000, 1.0000)>
MESH
ExitButtonText
<Matrix 4x4 (-0.1590,  0.0000,  0.0000, 0.0000)
            ( 0.0000,  0.1590, -0.0000, 0.0000)
            ( 0.0000,  0.0000,  1.5895, 0.0000)
            (-0.0923, -0.9067,  0.0000, 1.0000)>
