# Game Level Exporter v1.3
MESH
pauseMenuOverlay
<Matrix 4x4 (-0.3893, 0.0000,  0.0000, 0.0000)
            ( 0.0000, 0.5241, -0.0000, 0.0000)
            ( 0.0000, 0.0000,  0.4386, 0.0000)
            ( 0.0119, 0.0051, -0.1400, 1.0000)>
MESH
pauseMenuText
<Matrix 4x4 (-0.1732, 0.0000,  0.0000, 0.0000)
            ( 0.0000, 0.1732, -0.0000, 0.0000)
            ( 0.0000, 0.0000,  0.1732, 0.0000)
            (-0.2291, 0.3544, -0.0495, 1.0000)>
MESH
controlsPauseMenuButton
<Matrix 4x4 (-0.2842,  0.0000,  0.0000, 0.0000)
            (-0.0000, -0.0628, -0.0000, 0.0000)
            ( 0.0000, -0.0000,  0.2842, 0.0000)
            ( 0.0352,  0.2232, -0.1400, 1.0000)>
MESH
restartPauseMenuButton
<Matrix 4x4 (-0.2842,  0.0000,  0.0000, 0.0000)
            (-0.0000, -0.0628, -0.0000, 0.0000)
            ( 0.0000, -0.0000,  0.2842, 0.0000)
            ( 0.0352, -0.1721, -0.1400, 1.0000)>
MESH
ExitPauseMenuButton
<Matrix 4x4 (-0.2842,  0.0000,  0.0000, 0.0000)
            (-0.0000, -0.0628, -0.0000, 0.0000)
            ( 0.0000, -0.0000,  0.2842, 0.0000)
            ( 0.0352, -0.3640, -0.1400, 1.0000)>
MESH
controlsPauseMenuButtonText
<Matrix 4x4 (-0.1290, 0.0000,  0.0000, 0.0000)
            ( 0.0000, 0.1290, -0.0000, 0.0000)
            ( 0.0000, 0.0000,  0.1290, 0.0000)
            (-0.1177, 0.1957, -0.0495, 1.0000)>
MESH
restartPauseMenuButtonText
<Matrix 4x4 (-0.1290,  0.0000,  0.0000, 0.0000)
            ( 0.0000,  0.1290, -0.0000, 0.0000)
            ( 0.0000,  0.0000,  0.1290, 0.0000)
            (-0.0951, -0.1832, -0.0495, 1.0000)>
MESH
ExitPauseMenuButtonText
<Matrix 4x4 (-0.1290,  0.0000,  0.0000, 0.0000)
            ( 0.0000,  0.1290, -0.0000, 0.0000)
            ( 0.0000,  0.0000,  0.1290, 0.0000)
            (-0.0452, -0.3715, -0.0495, 1.0000)>
MESH
resumePauseMenuButton
<Matrix 4x4 (-0.2842,  0.0000,  0.0000, 0.0000)
            (-0.0000, -0.0628, -0.0000, 0.0000)
            ( 0.0000, -0.0000,  0.2842, 0.0000)
            ( 0.0352,  0.0230, -0.1400, 1.0000)>
MESH
resumePauseMenuButtonText
<Matrix 4x4 (-0.1290,  0.0000,  0.0000, 0.0000)
            ( 0.0000,  0.1290, -0.0000, 0.0000)
            ( 0.0000,  0.0000,  0.1290, 0.0000)
            (-0.0837, -0.0046, -0.0495, 1.0000)>
