# Game Level Exporter v1.3
MESH
Circle
<Matrix 4x4 ( -1.0000, 0.0000,  0.0000, 0.0000)
            (  0.0000, 0.0000, -1.0000, 0.0000)
            (  0.0000, 1.0000,  0.0000, 0.0000)
            (-13.2858, 0.0000, 34.7306, 1.0000)>
MESH
0
<Matrix 4x4 ( -0.0000,  0.0000,   3.0000, 0.0000)
            ( -3.0000,  0.0000,  -0.0000, 0.0000)
            (  0.0000,  3.0000,   0.0000, 0.0000)
            (-13.0456, -4.0069, -21.9736, 1.0000)>
MESH
0.001
<Matrix 4x4 (  0.0000,  0.0000,   3.0000, 0.0000)
            ( -3.0000,  0.0000,   0.0000, 0.0000)
            (  0.0000,  3.0000,   0.0000, 0.0000)
            (-13.0456, -4.0069, -24.2224, 1.0000)>
MESH
0.002
<Matrix 4x4 (  0.0000,  0.0000,   3.0000, 0.0000)
            ( -3.0000,  0.0000,   0.0000, 0.0000)
            (  0.0000,  3.0000,   0.0000, 0.0000)
            (-13.0456, -4.0069, -26.5069, 1.0000)>
MESH
0.003
<Matrix 4x4 (  0.0000,  0.0000,   3.0000, 0.0000)
            ( -3.0000,  0.0000,   0.0000, 0.0000)
            (  0.0000,  3.0000,   0.0000, 0.0000)
            (-13.0456, -4.0069, -28.6417, 1.0000)>
MESH
0.004
<Matrix 4x4 (  0.0000,  0.0000,  3.0000, 0.0000)
            ( -3.0000,  0.0000,  0.0000, 0.0000)
            (  0.0000,  3.0000,  0.0000, 0.0000)
            (-13.0529, -4.0069, -1.5499, 1.0000)>
MESH
Circle.001
<Matrix 4x4 ( -1.0000, 0.0000,  0.0000, 0.0000)
            (  0.0000, 0.0000, -1.0000, 0.0000)
            (  0.0000, 1.0000,  0.0000, 0.0000)
            (-13.2858, 0.0000, 32.1156, 1.0000)>
MESH
Circle.002
<Matrix 4x4 ( -1.0000, 0.0000,  0.0000, 0.0000)
            (  0.0000, 0.0000, -1.0000, 0.0000)
            (  0.0000, 1.0000,  0.0000, 0.0000)
            (-13.2858, 0.0000, 29.5372, 1.0000)>
MESH
Button
<Matrix 4x4 (-1.0000, 0.0000,  0.0000, 0.0000)
            ( 0.0000, 0.0000, -1.0000, 0.0000)
            ( 0.0000, 1.0000,  0.0000, 0.0000)
            ( 3.3887, 2.6841, -4.6703, 1.0000)>
